Latent Space Analysis Report
==================================================

--- snapshot_geometry ---
  explicit_steps: [10000, 20000, 30000, 40000, 50000, 60000]...
  explicit_participation_ratio: [47.3651, 45.3823, 43.4018, 41.139, 39.3741, 39.3002]...
  explicit_dims_95pct: [51, 51, 50, 50, 50, 50]...
  explicit_dead_unit_frac: [0.0, 0.0, 0.0, 0.0, 0.0, 0.0]...
  explicit_median_r2: [0.2678, 0.4005, 0.4382, 0.462, 0.565, 0.6312]...
  implicit_steps: [10000, 20000, 30000, 40000, 50000, 60000]...
  implicit_participation_ratio: [9.4255, 10.1739, 10.4547, 10.3805, 10.1531, 9.9967]...
  implicit_dims_95pct: [20, 21, 22, 22, 22, 22]...
  implicit_dead_unit_frac: [0.0, 0.0, 0.0, 0.0, 0.0, 0.0]...
  implicit_median_r2: [0.9694, 0.9704, 0.9762, 0.9723, 0.9722, 0.969]...

--- metrics_timeline ---
  explicit: {'wm/kl_active_vars': [1.5766493700000004, 3.870592460616313, 4.010624632354604, 5.426829349369683, 6.12849114227247, 6.732552110641967, 6.667954629803479, 6.123773341426292, 5.940958673780399, 5.28802943310246, 4.964806236113608, 4.9698771236558, 4.821518170198793, 4.695068156103908, 4.323032514674209, 3.6887382014208723, 3.6099929751829567, 3.581626685077265, 3.3988409559253085, 2.7245080862029245, 2.670547571448745, 2.802801953445901, 2.425859081156112, 2.0227905203840013, 2.2825795583324204, 2.111600120852008, 2.058759305202622, 2.466875375973913, 2.4707455439978587, 1.9317252598921535, 2.3603242263857904, 1.8952914430835295, 2.2011582851200426, 2.7592043058083875, 2.3789713876997816, 2.36820336803034, 2.7248233975625475, 3.280800302986055, 2.854434419511699, 3.321580807883631, 3.5791914545494468, 3.176968896102344, 3.532211433127319, 4.110525000760461, 4.28378506416928, 4.775063373398177, 5.130888812084031, 4.887930328180941, 4.478675018202409, 4.902373954631681, 5.140577748533436, 5.329290106428058, 5.285728654136899, 5.4604586863833395, 5.456612589257691, 5.375130833865018, 5.394684142483941, 5.915028863521346, 5.286846486974433, 5.176347905059942, 5.2982704806227385, 6.006419994569361, 5.440017941714359, 4.925826833945377, 5.111987600726071, 5.36668693202018, 5.115242501112225, 5.407238772596617, 4.881879311753665, 5.807120893339745, 4.818049399261046, 4.89682580966274, 4.823386027929745, 5.031460980040188, 5.01578155878496, 4.491369250410915, 4.539686196288673, 4.31629674390735, 3.8225920323861917, 4.033087441408592, 4.31917785855701, 4.521386012479425, 4.944085287262546, 4.353301794981968, 4.504183619344557, 4.249000268814622, 4.489896702616137, 4.502244731147693, 4.472915422073033, 5.220011077426527, 3.580037280623118, 4.018851656273346, 3.7609061922925147, 3.3232099374111694, 3.6348929787057407, 3.6075940338987835, 3.603330024027385, 2.8305803732178636, 4.118062995493945, 3.976043565488225, 3.920769410696085, 2.8142825227334414, 3.109787076761169, 3.553988601924554, 3.7032934435687666, 3.9516239904613335, 4.055638801040521, 2.8880243045046647, 3.039858611065217, 3.1296234629607698, 3.19399617744193, 3.1035074805095366, 2.7917651983915417, 2.8743432638573814, 2.9672359098767824, 3.5787359409261907, 2.546520237914887, 2.7213038717194746, 2.6903985395378593, 3.137660052811035, 2.8817033391439546, 2.773320200325321, 2.665315225758497, 3.1513916958439143, 2.4998061926075383, 2.2180400111622447, 2.9276158645478625, 3.1496879243212637, 2.2519684093454435, 3.0656038768705844, 2.394614909200909, 2.215842755416054, 2.0675769735444507, 2.0138040277698885, 2.108041738735035, 2.161453798625574, 2.7763258233065917, 2.556767573459123, 1.8063678952969655, 1.6668053120413133, 2.1058215442905204, 2.3506221502632707, 2.0671577456581334, 1.9645612497083165, 1.5732439135869973, 1.8724632322264454, 1.6923973983346545, 2.107689052611512, 1.924324058065686, 2.1686361032519677, 1.794154111457588, 2.2528505705567126, 2.2258692065915704, 1.7361827910931233, 1.409413271682766, 2.114018054246019, 2.1859253545063457, 2.0290873248835117, 2.092236300701616, 1.749472185238695, 2.564911728027216, 1.4532212658085457, 1.513163875165023, 1.6801403628474554, 2.356481940455187, 1.4214124213554267, 1.6115550478746552, 1.6942199632976993, 1.7805632144791614, 1.456210944097078, 1.2892838358886274, 1.3340934968534037, 1.347073194900402, 1.5762374271210409, 1.8630796003766243, 1.8501207401189028, 1.4382069755316855, 1.5163230543750577, 1.2006666568916637, 1.5112817172250346, 1.5018891519498831, 1.5709861967141077, 1.5372820089809978, 1.476674264411421, 2.081101056940052, 1.5452258577316473, 1.438353673904546, 1.2751909352351565, 1.319359395877977, 1.5387457308342336, 1.4123071896812491, 1.1365256663313636, 1.4263771008422532, 1.2267681716844427, 1.36334972304203, 1.748914101373791, 1.8411198758875373, 1.2541791234737965, 1.2646652827581617, 1.2257599516149063], 'wm/kl_min_var': [0.033335172679359204, 0.05300532070608841, 0.04200447492422996, 0.057529169694848045, 0.08275597041473609, 0.0809660273704614, 0.08225307685476067, 0.0811671228097666, 0.07520496335885099, 0.06938907733213782, 0.07020541817862921, 0.06886097597628973, 0.06561955973431634, 0.06603220899859882, 0.060492731878106165, 0.05812029167800179, 0.05724558211606012, 0.058932075417242484, 0.06118877190952993, 0.06504541983280535, 0.0680220897643411, 0.07318931031820618, 0.07436787841268816, 0.07436031034323462, 0.07609288474478007, 0.07666794032241636, 0.07571019595058517, 0.07358739117608526, 0.07576919915984015, 0.07117273040139001, 0.07613294693836538, 0.07555917158192493, 0.07410548623984675, 0.07639443125939284, 0.07583211472186045, 0.07594294390916997, 0.07654515262300053, 0.07902351025392662, 0.07948268003671786, 0.08243398886810024, 0.08025355639800344, 0.08252863759223585, 0.08303185081208905, 0.08460847028921532, 0.08722201209125253, 0.08841084236636727, 0.09024052729207538, 0.08955545714412558, 0.0887455835275502, 0.09104819108336899, 0.09015122317520308, 0.09087536731877936, 0.09143454135815209, 0.0919197804399332, 0.09224596467630813, 0.09359681785089047, 0.09277874004251022, 0.09506504665504402, 0.0929054264129191, 0.09183767868220225, 0.0926682556090312, 0.09398358960296371, 0.09278688210798733, 0.09163775417882579, 0.0891980153716443, 0.0904848050718613, 0.09097633633161858, 0.09259114971601286, 0.09105148869316215, 0.09300250321705919, 0.09072199818442576, 0.08992539875877241, 0.0892717544531592, 0.09128384057622999, 0.09083703600362544, 0.08967857950281677, 0.0908248662509255, 0.08837736880796895, 0.08686247440141791, 0.08789258193349617, 0.08881209441678792, 0.08759047952758427, 0.08840039299044301, 0.08679005049360022, 0.08591112453132994, 0.08720451696377282, 0.08725098997589502, 0.08870761707627044, 0.08807640344176024, 0.08776876785365495, 0.08449057585603101, 0.08727023112448785, 0.0870340438703728, 0.08608016456122058, 0.0880084620581528, 0.08579231372176804, 0.0865858096593454, 0.08622092164164022, 0.08623195565522089, 0.08607853029195305, 0.08853755769748291, 0.08431857554938184, 0.08700665327432085, 0.08763941835324629, 0.08516776829559557, 0.08432070893043254, 0.08591581034952028, 0.0849728976643717, 0.08540229291529047, 0.0854313458389448, 0.08400193504733058, 0.08444118053727159, 0.083347631246638, 0.0816611046660104, 0.08416674976989161, 0.08494535231480559, 0.08278009548399202, 0.0841278569870898, 0.0825292677137171, 0.08449919559801364, 0.0807711623946004, 0.0803667923641734, 0.08142130117669334, 0.08399882344749336, 0.08089849157278903, 0.07925769613439572, 0.08198899498927881, 0.08111279330660344, 0.07877377957599992, 0.08337805106395865, 0.08015088320721411, 0.08122829736523052, 0.08017804288923888, 0.07985737653779375, 0.07857004075646291, 0.08087095542646752, 0.082642655017421, 0.07973648000383159, 0.07838983333849416, 0.07611024740255712, 0.07833793251319493, 0.07821143703957259, 0.07872957689749259, 0.0809882741092577, 0.07740761418243537, 0.07891413580015572, 0.0767180453384553, 0.07851424247107591, 0.07687943255610298, 0.07647907327046968, 0.07476502179773174, 0.07728375939329872, 0.07459411412918121, 0.07482879591923244, 0.07714055374381587, 0.07695370528788116, 0.07618445007041626, 0.07535112013771644, 0.07359487885987605, 0.07399234435033028, 0.07578470416052882, 0.0753765407501277, 0.07529514011721417, 0.0745092516661872, 0.07612550667829374, 0.07366530430008428, 0.07314244047436717, 0.07437584530200667, 0.07545696533244299, 0.07398024341871502, 0.0731823936949578, 0.07298087136174983, 0.074688592966845, 0.0774472919919763, 0.07470155364566566, 0.07409217329711044, 0.07289298325736744, 0.07506333615680558, 0.07323795012886526, 0.0729217606662807, 0.07223058169848902, 0.07440647946418942, 0.07383849521189931, 0.07257871516237022, 0.07560023695101362, 0.07223645204967047, 0.07289209061891568, 0.07167959259280376, 0.07230113035857268, 0.07427039012765473, 0.07130983017931164, 0.07074099543626358, 0.07258703447707708, 0.07109792238040176, 0.06890452575040514, 0.07367173808858209, 0.07393612670293842, 0.06884005374349943, 0.07388237904802, 0.07308411837725784], 'latent/z_active_frac': [0.5695327900000001, 0.9202335569231275, 0.9852191170585654, 0.9969567472778296, 0.9994360791266039, 0.9998838936929647, 0.999978485266901, 0.9999960132765209, 0.9999991791689895, 0.9999998478983565, 0.9999999718152583, 0.9999999941970116, 0.9999999989246946, 0.9999999997786042, 0.9999999999589751, 0.999999999992398, 0.9999999999984347, 0.9999999999997098, 0.9999999999999462, 0.9999999999999889, 0.9999999999999979, 0.9999999999999994, 0.9999999999999994, 0.9999999999999994, 0.9999999999999994, 0.9999999999999994, 0.9999999999999994, 0.9999999999999994, 0.9999999999999994, 0.9999999999999994, 0.9999999999999994, 0.9999999999999994, 0.9999999999999994, 0.9999999999999994, 0.9999999999999994, 0.9999999999999994, 0.9999999999999994, 0.9999999999999994, 0.9999999999999994, 0.9999999999999994, 0.9999999999999994, 0.9999999999999994, 0.9999999999999994, 0.9999999999999994, 0.9999999999999994, 0.9999999999999994, 0.9999999999999994, 0.9999999999999994, 0.9999999999999994, 0.9999999999999994, 0.9999999999999994, 0.9999999999999994, 0.9999999999999994, 0.9999999999999994, 0.9999999999999994, 0.9999999999999994, 0.9999999999999994, 0.9999999999999994, 0.9999999999999994, 0.9999999999999994, 0.9999999999999994, 0.9999999999999994, 0.9999999999999994, 0.9999999999999994, 0.9999999999999994, 0.9999999999999994, 0.9999999999999994, 0.9999999999999994, 0.9999999999999994, 0.9999999999999994, 0.9999999999999994, 0.9999999999999994, 0.9999999999999994, 0.9999999999999994, 0.9999999999999994, 0.9999999999999994, 0.9999999999999994, 0.9999999999999994, 0.9999999999999994, 0.9999999999999994, 0.9999999999999994, 0.9999999999999994, 0.9999999999999994, 0.9999999999999994, 0.9999999999999994, 0.9999999999999994, 0.9999999999999994, 0.9999999999999994, 0.9999999999999994, 0.9999999999999994, 0.9999999999999994, 0.9999999999999994, 0.9999999999999994, 0.9999999999999994, 0.9999999999999994, 0.9999999999999994, 0.9999999999999994, 0.9999999999999994, 0.9999999999999994, 0.9999999999999994, 0.9999999999999994, 0.9999999999999994, 0.9999999999999994, 0.9999999999999994, 0.9999999999999994, 0.9999999999999994, 0.9999999999999994, 0.9999999999999994, 0.9999999999999994, 0.9999999999999994, 0.9999999999999994, 0.9999999999999994, 0.9999999999999994, 0.9999999999999994, 0.9999999999999994, 0.9999999999999994, 0.9999999999999994, 0.9999999999999994, 0.9999999999999994, 0.9999999999999994, 0.9999999999999994, 0.9999999999999994, 0.9999999999999994, 0.9999999999999994, 0.9998505316485754, 0.9999692257919128, 0.9999942974771117, 0.9999989433109959, 0.9999997824371047, 0.9999999596851562, 0.999999992529578, 0.9999999984619063, 0.9999999997149881, 0.9999999999413184, 0.9998154711602073, 0.9999658064334438, 0.9999929598478714, 0.9999006292602277, 0.9999815864013021, 0.9998751394386644, 0.9999768630859053, 0.9999952363145639, 0.9997178662065878, 0.999947720038485, 0.9999892360195378, 0.999998005412689, 0.9999996303989445, 0.9999999239024203, 0.9999999858989649, 0.9999285068475876, 0.9999867521745215, 0.999997545151193, 0.9999994945684, 0.9999999063425041, 0.999999982645077, 0.9996874952346821, 0.9998777510118544, 0.9997903011885142, 0.9998400730222201, 0.9999703652081431, 0.9999938984591551, 0.9999988693721631, 0.9999997904923792, 0.9999999568642387, 0.9999999920068563, 0.9999999983542827, 0.9999999996950453, 0.9999999999434913, 0.9999999999883653, 0.9999999999978442, 0.9999999999996005, 0.9999999999999176, 0.999878930635331, 0.9998089969454191, 0.9997367933793372, 0.9999512272818072, 0.9998238821838088, 0.9999673650130981, 0.9999939526710409, 0.9999104953417619, 0.9999834146061289, 0.9999965852144796, 0.9998904048051607, 0.9999796917891361, 0.9999243284703401, 0.9998770154845935, 0.99969595964812, 0.9997879324363246, 0.9999607034523108, 0.9999919091893088, 0.999919067146295, 0.9999850029788144, 0.9999969122463299, 0.999999427833011, 0.9997709920147282, 0.9999528492866536, 0.9998567413613431, 0.9999705043167045, 0.9998964682049674, 0.9997944895971596], 'latent/encoder_grad_norm': [None, None, None, None, None, None, None, None, None, None, None, None, None, None, None, None, None, None, None, None, None, None, None, None, None, None, None, None, None, None, None, None, None, None, None, None, None, None, None, None, None, None, None, None, None, None, None, None, None, None, None, None, None, None, None, None, None, None, None, None, None, None, None, None, None, None, None, None, None, None, None, None, None, None, None, None, None, None, None, None, None, None, None, None, None, None, None, None, None, None, None, None, None, None, None, None, None, None, None, None, None, None, None, None, None, None, None, None, None, None, None, None, None, None, None, None, None, None, None, None, None, None, None, None, None, None, None, None, None, None, None, None, None, None, None, None, None, None, None, None, None, None, None, None, None, None, None, None, None, None, None, None, None, None, None, None, None, None, None, None, None, None, None, None, None, None, None, None, None, None, None, None, None, None, None, None, None, None, None, None, None, None, None, None, None, None, None, None, None, None, None, None, None, None, None, None, None, None, None, None], 'step': [1000, 2000, 3000, 4000, 5000, 6000, 7000, 8000, 9000, 10000, 11000, 12000, 13000, 14000, 15000, 16000, 17000, 18000, 19000, 20000, 21000, 22000, 23000, 24000, 25000, 26000, 27000, 28000, 29000, 30000, 31000, 32000, 33000, 34000, 35000, 36000, 37000, 38000, 39000, 40000, 41000, 42000, 43000, 44000, 45000, 46000, 47000, 48000, 49000, 50000, 51000, 52000, 53000, 54000, 55000, 56000, 57000, 58000, 59000, 60000, 61000, 62000, 63000, 64000, 65000, 66000, 67000, 68000, 69000, 70000, 71000, 72000, 73000, 74000, 75000, 76000, 77000, 78000, 79000, 80000, 81000, 82000, 83000, 84000, 85000, 86000, 87000, 88000, 89000, 90000, 91000, 92000, 93000, 94000, 95000, 96000, 97000, 98000, 99000, 100000, 101000, 102000, 103000, 104000, 105000, 106000, 107000, 108000, 109000, 110000, 111000, 112000, 113000, 114000, 115000, 116000, 117000, 118000, 119000, 120000, 121000, 122000, 123000, 124000, 125000, 126000, 127000, 128000, 129000, 130000, 131000, 132000, 133000, 134000, 135000, 136000, 137000, 138000, 139000, 140000, 141000, 142000, 143000, 144000, 145000, 146000, 147000, 148000, 149000, 150000, 151000, 152000, 153000, 154000, 155000, 156000, 157000, 158000, 159000, 160000, 161000, 162000, 163000, 164000, 165000, 166000, 167000, 168000, 169000, 170000, 171000, 172000, 173000, 174000, 175000, 176000, 177000, 178000, 179000, 180000, 181000, 182000, 183000, 184000, 185000, 186000, 187000, 188000, 189000, 190000, 191000, 192000, 193000, 194000, 195000, 196000, 197000, 198000, 199000, 200000]}
  implicit: {'latent/consistency_t0': [0.0024008145555853844, 0.0002589444659857633, 0.00012099689654315632, 8.967670664503993e-05, 8.160347897346955e-05, 6.745462005241659e-05, 6.122654868748467e-05, 5.544021886515081e-05, 5.309457640618414e-05, 4.850786554418006e-05, 4.177584148181845e-05, 4.514206834418718e-05, 4.260858968544339e-05, 4.242273021670394e-05, 4.481014130297094e-05, 3.515227178642099e-05, 3.634580888200715e-05, 3.674218287446608e-05, 4.602739726672724e-05, 3.5310781549850376e-05, 3.1816614636568815e-05, 3.98602948027886e-05, 3.326646365885296e-05, 3.0005336227077055e-05, 3.112127300764952e-05, 3.120160822004794e-05, 3.2258583681095415e-05, 2.838341184271642e-05, 2.674021125677816e-05, 2.532268462531481e-05, 2.815291452564466e-05, 2.578816895538774e-05, 2.6522163797978054e-05, 3.140129504404583e-05, 2.3984103562332395e-05, 2.1086798938362388e-05, 2.2993150523725654e-05, 1.6673326282031878e-05, 1.89090072723655e-05, 1.9941139911735217e-05, 1.8031437360101342e-05, 1.962356950052639e-05, 2.062555957916288e-05, 2.0808458532291687e-05, 1.553990255950417e-05, 1.8237769143340264e-05, 1.5386526100291137e-05, 1.571085040663024e-05, 1.6926273650067965e-05, 1.4737645225498086e-05, 1.8564296881350623e-05, 1.687325000673126e-05, 1.3548290727031128e-05, 1.277594811935862e-05, 1.5874375372248297e-05, 1.3877529350553069e-05, 1.0876251415555181e-05, 1.0113850894705532e-05, 1.193275729977381e-05, 1.2246907905299077e-05, 1.435101841406111e-05, 1.4641177023819336e-05, 1.4790082138661028e-05, 1.0506857939474627e-05, 1.267325687718894e-05, 9.897975259351852e-06, 1.4984876258156303e-05, 1.05402556612498e-05, 1.0427921334452197e-05, 1.064725478922496e-05, 9.747052354224529e-06, 9.695793685478228e-06, 1.1436837733972533e-05, 1.048651730348681e-05, 9.035045814180763e-06, 7.67189307404834e-06, 9.34000588093174e-06, 8.790133940791188e-06, 1.0094689650497456e-05, 1.1127078628595819e-05, 9.12783056781047e-06, 6.976289429131358e-06, 8.714062551189195e-06, 9.023864361486064e-06, 1.0429138278249844e-05, 9.208830477792222e-06, 8.846156403400627e-06, 9.15311199335695e-06, 1.0830284010839518e-05, 7.690922230904513e-06, 5.554379977565502e-06, 9.881713229985726e-06, 9.155470730022449e-06, 7.1168205623274325e-06, 8.757878232547777e-06, 8.244878188251578e-06, 8.590590285346167e-06, 6.963119256017133e-06, 6.905424705854909e-06, 6.814994740519242e-06, 7.31583251988331e-06, 6.650303061091489e-06, 6.991286388003312e-06, 7.070706559652076e-06, 7.1630242396290475e-06, 7.04960207866538e-06, 5.995751600182053e-06, 9.704430790568528e-06, 6.108370383989475e-06, 6.661421424744886e-06, 5.388444469865784e-06, 8.914724084445324e-06, 6.383988928336358e-06, 5.88305917003937e-06, 8.603451253336917e-06, 7.99318620727583e-06, 6.107845765157431e-06, 5.84317891062872e-06, 6.177998995515039e-06, 6.677806920100692e-06, 6.566072929062477e-06, 4.606132058449086e-06, 5.5458814208334945e-06, 5.900420883915977e-06, 6.346502171049938e-06, 5.595456051571477e-06, 5.975929914099287e-06, 6.386327840065435e-06, 7.786602889016465e-06, 6.377621618750508e-06, 8.26010519639577e-06, 6.572591974228714e-06, 7.077160210791422e-06, 5.890713814128196e-06, 5.385594658798321e-06, 5.38603420924948e-06, 5.3915139824441604e-06, 3.5778637147787125e-06, 5.0432076041511584e-06, 4.0518181008293265e-06, 4.801451668815283e-06, 4.2069862570145064e-06, 7.0475913865696525e-06, 5.35849832011737e-06, 6.434789128210574e-06, 4.18663674476952e-06, 7.890439650986018e-06, 5.746108947753068e-06, 4.3902882458355325e-06, 6.144174772953592e-06, 4.728058517061499e-06, 4.72348370480722e-06, 4.44173375025446e-06, 4.116073915781041e-06, 5.140854923253441e-06, 5.2579150345137215e-06, 3.7103321492076327e-06, 6.0118230342473236e-06, 4.689682594551573e-06, 7.87678276558687e-06, 7.700299772072993e-06, 4.4693120444195776e-06, 5.962982107775124e-06, 4.446572050437854e-06, 4.542067171916837e-06, 4.782781721870354e-06, 4.2987558026543e-06, 4.78313514187926e-06, 6.3740827711680835e-06, 4.651251344831786e-06, 3.908634615004192e-06, 4.307577597357668e-06, 5.5048602028989856e-06, 4.377358987642487e-06, 4.8958885831304005e-06, 4.373635086424798e-06, 3.745882144187351e-06, 5.271673771502327e-06, 4.227733065697601e-06, 4.570451210522517e-06, 3.957241307836462e-06, 3.383428562043169e-06, 5.40215364679783e-06, 3.7268009971433804e-06, 4.959669011526413e-06, 3.841866872607493e-06, 5.915297966025758e-06, 3.6774270652368808e-06, 5.864454119627284e-06, 3.4393533027342084e-06, 3.766069857477426e-06, 6.373256058408265e-06, 3.136931054770259e-06, 5.525714248003987e-06, 4.8564935713513066e-06, 4.1076118664672495e-06, 3.441707559472049e-06, 4.347687946294459e-06, 3.0707422207966022e-06, 3.40119983712345e-06], 'latent/consistency_tH': [0.002387357130646706, 0.0002544230492272848, 0.00012873182758953676, 9.572210587040927e-05, 7.889525651657046e-05, 6.665561604758873e-05, 7.415348026509933e-05, 5.663045427396592e-05, 4.9674583750750265e-05, 4.6892631239281506e-05, 4.0717478412814935e-05, 5.9262204623981695e-05, 5.052243641891843e-05, 3.597873796948586e-05, 4.3482333599006066e-05, 4.227653546601933e-05, 3.6027464431385554e-05, 3.459173321218036e-05, 3.770866476107953e-05, 4.584874892312959e-05, 3.145097643268126e-05, 3.52937694096954e-05, 2.9482117985704143e-05, 3.461614358135123e-05, 3.257781158972502e-05, 3.684070793497387e-05, 3.363230810148843e-05, 2.9913464358087724e-05, 3.375988435325406e-05, 2.6018079283813378e-05, 2.3957670214634738e-05, 2.562021887128015e-05, 2.8967430143246155e-05, 2.446061689601688e-05, 2.5580318300326156e-05, 2.2239254260239855e-05, 2.6446569228095412e-05, 2.6274311011044314e-05, 2.105607893296924e-05, 2.1431053023565663e-05, 1.800542746389776e-05, 1.793822897568666e-05, 2.242684305321655e-05, 2.535381047846674e-05, 1.558528754345836e-05, 1.644605697060341e-05, 1.4372360998239486e-05, 1.909996591356888e-05, 1.6986626497548382e-05, 2.1684576008275783e-05, 1.5869893757342078e-05, 1.8012250610046285e-05, 1.3136070136791058e-05, 1.4260796841547878e-05, 1.605780757358752e-05, 1.4500914239127828e-05, 1.1164870273517178e-05, 1.2309700535808389e-05, 1.2850348170029405e-05, 1.1838703088958965e-05, 1.1415332615275283e-05, 1.18103860294156e-05, 1.3194466219461852e-05, 1.2477167244378888e-05, 1.2202423804206473e-05, 1.212553430679731e-05, 1.5230687969815856e-05, 9.123515129918355e-06, 1.1011624120803712e-05, 1.2513438201357504e-05, 1.0370075410581992e-05, 1.077878075538596e-05, 9.260800953855804e-06, 1.0133382647647091e-05, 1.22824663675356e-05, 8.21046535706728e-06, 1.0314850577610342e-05, 8.285092448464793e-06, 8.539210213610518e-06, 8.761299857564593e-06, 1.0208280782366632e-05, 7.803519046392424e-06, 8.690032538050065e-06, 7.974557424138164e-06, 6.9199086028774195e-06, 1.2972504115878328e-05, 7.719166305696318e-06, 7.55049452000068e-06, 9.718041228295486e-06, 9.731801029345377e-06, 6.494968507581245e-06, 8.395667641200148e-06, 8.324357217115609e-06, 6.905465063875393e-06, 1.0519705068199372e-05, 8.656795732264938e-06, 7.904481967777878e-06, 8.159808600393507e-06, 6.59060784743106e-06, 1.1580952586861668e-05, 6.908274524905555e-06, 6.735109723411979e-06, 6.3936176877608325e-06, 7.405037609071852e-06, 8.971645505342272e-06, 7.174197012418329e-06, 7.434718720493199e-06, 7.260770587115823e-06, 6.499915370620621e-06, 6.291549123852583e-06, 5.2081886138868355e-06, 7.500001108892174e-06, 6.2973378167957695e-06, 6.0483885828234124e-06, 8.376889547667071e-06, 1.1610383081666063e-05, 5.590544628128005e-06, 4.5402031792621905e-06, 6.8671652229775306e-06, 6.547878809442471e-06, 5.867827004554005e-06, 5.3056636887135e-06, 5.5852246255910225e-06, 6.571796848274061e-06, 7.473443163960903e-06, 5.971027882852793e-06, 6.4211137448468594e-06, 7.758309040640052e-06, 7.0361637502493755e-06, 5.755114325565157e-06, 7.567336026519112e-06, 4.907628728050814e-06, 6.6380763877391904e-06, 4.7206024845026474e-06, 6.168196087239927e-06, 5.5282593897003404e-06, 5.988175996098388e-06, 3.923400032911743e-06, 8.578183874340138e-06, 6.173846046772739e-06, 5.357988453679782e-06, 5.2663843712498335e-06, 8.375038326390459e-06, 6.358873932568596e-06, 4.322763726676012e-06, 4.570498044240629e-06, 6.101821356946302e-06, 5.444013281175844e-06, 4.488078660885502e-06, 3.9959762667394e-06, 4.03117993803663e-06, 4.815874178131096e-06, 4.50401565738955e-06, 5.102986875235159e-06, 6.4302622939554265e-06, 4.491302509342279e-06, 6.064683781555385e-06, 3.887170862358109e-06, 5.935271929168787e-06, 6.11904007555513e-06, 4.574549678290444e-06, 3.2300948025622043e-06, 6.195591737878236e-06, 4.4831833467064094e-06, 4.294492124411944e-06, 3.835067264868395e-06, 7.187245590502832e-06, 4.115391194468643e-06, 5.250203549408674e-06, 5.186669583819029e-06, 4.214665586199546e-06, 4.564553543851602e-06, 4.0330435735139395e-06, 4.32924049121705e-06, 3.7168097385993013e-06, 5.152700499479935e-06, 4.506304073345696e-06, 5.249814030928884e-06, 4.27031286206763e-06, 5.9924482607003045e-06, 3.0729151460773603e-06, 4.317445422604031e-06, 4.571109534800491e-06, 3.860184730484606e-06, 4.748914603034344e-06, 3.3166166833457264e-06, 5.222264546331788e-06, 4.3687973649346456e-06, 6.218555699969089e-06, 4.507137203384307e-06, 3.332682555601265e-06, 3.820641166898874e-06, 3.3601551200157263e-06, 4.494401014920811e-06, 5.138369876664272e-06, 4.072558252755444e-06, 4.19022992639821e-06, 3.3295832024491114e-06, 3.1993403940891216e-06, 3.4431788964305507e-06], 'latent/mppi_elite_value_std': [None, 0.0040227423743803715, 0.005058775472373255, 0.010291883313299884, 0.008932485227221043, 0.012014208807607703, 0.025802950065531464, 0.013465929661343913, 0.017932432458789557, 0.017704947761191577, 0.022189782237091782, 0.03194395762578822, 0.022839155819027696, 0.025095139886490574, 0.03758923366068933, 0.04100807480527603, 0.019661687652405162, 0.04613322171622251, 0.019713455949623385, 0.029146999791202097, 0.0919204209923027, 0.05794307620018567, 0.027641124819005543, 0.01926325243220069, 0.03205943699138494, 0.037010158968275725, 0.042662586745229866, 0.02491876772789416, 0.06202727603781114, 0.07108624116570056, 0.03757501535894189, 0.04316974277277184, 0.03379198198850644, 0.04466204375838298, 0.04500179395006738, 0.04213441636939783, 0.041691231575220956, 0.027174870222808907, 0.044479807325979906, 0.027371809186162638, 0.01977277399101201, 0.02084899157278954, 0.03598321731928119, 0.015660173636333333, 0.028183510639881934, 0.03157835728452164, 0.040835974982315865, 0.02981862608648447, 0.037603449337028846, 0.028025472700691736, 0.021396544268298408, 0.03340487639199853, 0.02041090590412857, 0.04255916940047944, 0.021889694256071013, 0.018458402561656356, 0.03488926445162408, 0.03405430405111132, 0.028252375534589234, 0.015384815472501607, 0.01956855464638219, 0.03171387965391326, 0.025898667993999466, 0.023112909886084453, 0.029160167985827497, 0.01308005936246392, 0.027414648316529868, 0.03957368641972961, 0.0324794663540585, 0.028045970826331614, 0.036785842099470216, 0.026434494220417184, 0.026363629803676118, 0.025134409254161584, 0.030432743485429074, 0.009868886482103977, 0.01967797189945955, 0.024739595066235444, 0.010298695358566756, 0.04353947001085733, 0.029216023153178016, 0.03631320954496242, 0.033246269054683905, 0.021688003312700165, 0.010425472375834669, 0.023134817997335442, 0.029927332205199133, 0.028840441398125298, 0.01585746248692336, 0.039322863493777546, 0.01666363751469522, 0.04932394155200227, 0.016075894770403176, 0.021433863684676414, 0.023117819886471623, 0.023611514860061827, 0.01771633494303409, 0.014482933587416192, 0.028066241711125463, 0.02154467144495179, 0.021733739573991218, 0.02501653309580734, 0.017670623092789033, 0.021378030213326675, 0.03221902464800924, 0.014476376397381464, 0.017489026923082924, 0.017643557927704077, 0.023452445183655288, 0.013539209944290176, 0.011023482083046538, 0.012971884150422776, 0.02146158633635951, 0.007530884343796182, 0.0204473310531737, 0.028078477376401637, 0.023643401488696675, 0.028743322329621117, 0.01985547100163144, 0.022208820717868158, 0.012092172066269342, 0.009802116153020495, 0.020849395525558097, 0.019049231527141518, 0.02308691241869244, 0.021262001554113844, 0.02238907195693554, 0.01588259626439651, 0.018639813859576384, 0.024999684190187835, 0.01630813891340693, 0.019643524357635885, 0.020127667578726343, 0.015750427111791046, 0.018645399931918216, 0.017250171482787124, 0.016067556536432295, 0.016532091242464755, 0.01886818979057383, 0.0175688031290518, 0.016024193151018808, 0.0193717688114099, 0.018292999019868035, 0.019794326608815613, 0.010915645888484935, 0.015562346842842169, 0.016303493978059216, 0.015003680007407053, 0.009947394892625893, 0.013642092515326517, 0.014611660420351502, 0.018143908821214118, 0.011671325661878753, 0.015762342210887487, 0.015159749961506316, 0.014926711883759207, 0.01690077779358415, 0.016168789689160475, 0.016301262603985588, 0.015059828011061914, 0.014357248097356836, 0.012630757897080482, 0.006955372606186994, 0.013355855458467722, 0.013340183461879873, 0.011031933514039085, 0.01478260136530862, 0.010767976344425141, 0.01418275152579056, 0.013521977489947731, 0.012863319518759589, 0.010621503575215166, 0.014202234970013446, 0.013856903328363842, 0.009172509202589677, 0.010911451300908268, 0.011445919625985396, 0.013983597940978941, 0.012948265788866977, 0.01089688847195479, 0.010509389770764687, 0.01116942190737674, 0.009956991333774073, 0.010117994273886865, 0.012950944332774059, 0.009806466139952738, 0.010774574408411588, 0.013671266232289871, 0.014378340161106801, 0.01186914242043366, 0.010534589399214922, 0.013978714697464104, 0.01149206650464168, 0.009897632216802229, 0.009932825637845316, 0.011013551761564808, 0.010820470441327721, 0.011753898441832476, 0.009364082185769819, 0.012238013956689118], 'latent/mppi_plan_std': [None, 0.14025389473618952, 0.08643132137478618, 0.1043283509030437, 0.09607057540981971, 0.07952770852728286, 0.09178129851114088, 0.11434486182398329, 0.14422909816522184, 0.1190177975148526, 0.1300768047000912, 0.10933028829075712, 0.15248541892309547, 0.1373667349499953, 0.13151455511272342, 0.08855132909231563, 0.12037226987327396, 0.1201361493218794, 0.14133697588724548, 0.11346071156931181, 0.11308239985745601, 0.12219545964229919, 0.1080562978504079, 0.10525949154154407, 0.11694521574697626, 0.13260962085541333, 0.1142428195624211, 0.10557335666707128, 0.16644689985708813, 0.11489806806201378, 0.1470404804806768, 0.10145098540510784, 0.11806708084147616, 0.09038810370447577, 0.12639878751221342, 0.09992618457497436, 0.07003194988916564, 0.08452312828407446, 0.10356604243913815, 0.06261399699370605, 0.06476844765338213, 0.07133726918932248, 0.12430321972575041, 0.05922065005854475, 0.1333251984014199, 0.11290559693711294, 0.070334692794079, 0.07232833864771376, 0.0718395313285218, 0.06537492509132127, 0.07479341724622, 0.0711047950666611, 0.06831971047771872, 0.06725158070560651, 0.06780253410402738, 0.07095636609208633, 0.07502044454939702, 0.07313725287903754, 0.07635867486174373, 0.059604162446985756, 0.06971590141487333, 0.07008152226034864, 0.07778886438057968, 0.060106132992048394, 0.0611015657548841, 0.06313892472031798, 0.06689606540076573, 0.08662262755336414, 0.06243130444510983, 0.06273623743574051, 0.07276610536026087, 0.0651001055083048, 0.07274684520116138, 0.0695477479794645, 0.06324584248867296, 0.0535916433283772, 0.06210817815498324, 0.06868274356843372, 0.05456334421923138, 0.06885178001639167, 0.06284280538390322, 0.0609337448368152, 0.06680426951873328, 0.06400470804021534, 0.05510689658720373, 0.06352595244814395, 0.06896048251897403, 0.06606826072044542, 0.06483624576095688, 0.06750555060899202, 0.06074836899000928, 0.07569690487251754, 0.057126762143104436, 0.0679167108947917, 0.05995651228620648, 0.06444596071716766, 0.06165835801106196, 0.06557199185144139, 0.06662747877482522, 0.06016063392369485, 0.06738898459057327, 0.06952505935460254, 0.07178950931573512, 0.06630645361189316, 0.05634937797228551, 0.06424955887169705, 0.06147560783148375, 0.06707335573262348, 0.07180532051505785, 0.06618692646590571, 0.06237663713186179, 0.0792825823043691, 0.07394376091940864, 0.059553335847445064, 0.05938810854803104, 0.06115976494561258, 0.05754623731953774, 0.06182597162251622, 0.06297866619305126, 0.0677505999756679, 0.06980370865330851, 0.0571832903821467, 0.05811801912846028, 0.0612553520775687, 0.05839074282109472, 0.0582881992366278, 0.06075636120563931, 0.05614041519925016, 0.06457594691169527, 0.0615912155057303, 0.0617081281056244, 0.058909186713483386, 0.06145755493725374, 0.05779504071544163, 0.057279603999148075, 0.058725151203455804, 0.056166667178664566, 0.06667502366754072, 0.05963122246465398, 0.05623313856289386, 0.05920370910326202, 0.05712513842921935, 0.0595898039793516, 0.0586003350265626, 0.062493778126271694, 0.060065801949434935, 0.06159561123174098, 0.05626521170109205, 0.060234382719600646, 0.06371622864623164, 0.059149812173938075, 0.05677961345817282, 0.05790348801227682, 0.05727679317041291, 0.05617932173473983, 0.05910087296272809, 0.05617107247880314, 0.058042174657076666, 0.05984721913390059, 0.055891052556789646, 0.058130915840290454, 0.05873301715493436, 0.059763855238573665, 0.057187993493332395, 0.056945447220068585, 0.059350869364270475, 0.0562989166919431, 0.05745332089829313, 0.05839442625244932, 0.0568485648291721, 0.05990379618743707, 0.05495246846633856, 0.05849757147027425, 0.061401058791563046, 0.05535983961717747, 0.055969046065454234, 0.05585744727978946, 0.06460018029785902, 0.056919571659552116, 0.05614022907283191, 0.05504422164331047, 0.0568281661022459, 0.055669965526689125, 0.055892442105964904, 0.05616775050395653, 0.05785984690187167, 0.054954013870519326, 0.054979199013459254, 0.05886348581959875, 0.05811751090868013, 0.0559442582277691, 0.05860959921683785, 0.05724327955595405, 0.054872741892322816, 0.05415495971847426, 0.055634610578553644, 0.058892363995591564, 0.05577373856712152, 0.05846407779449762, 0.05664484308258186], 'latent/z_active_frac': [0.09843750000000001, 0.9843749999960187, 0.9988465447848813, 0.9999999999999958, 0.9999999999999994, 0.9999999999999994, 0.9999999999999994, 0.9999999999999994, 0.9999999999999994, 0.9999999999999994, 0.9999999999999994, 0.9999999999999994, 0.9999999999999994, 0.9999999999999994, 0.9999999999999994, 0.9999999999999994, 0.9999999999999994, 0.9999999999999994, 0.9999999999999994, 0.9999999999999994, 0.9999999999999994, 0.9999999999999994, 0.9999999999999994, 0.9999999999999994, 0.9999999999999994, 0.9999999999999994, 0.9999999999999994, 0.9999999999999994, 0.9999999999999994, 0.9999999999999994, 0.9999999999999994, 0.9999999999999994, 0.9999999999999994, 0.9999999999999994, 0.9999999999999994, 0.9999999999999994, 0.9999999999999994, 0.9999999999999994, 0.9999999999999994, 0.9999999999999994, 0.9999999999999994, 0.9999999999999994, 0.9999999999999994, 0.9999999999999994, 0.9999999999999994, 0.9999999999999994, 0.9999999999999994, 0.9999999999999994, 0.9999999999999994, 0.9999999999999994, 0.9999999999999994, 0.9999999999999994, 0.9999999999999994, 0.9999999999999994, 0.9999999999999994, 0.9999999999999994, 0.9999999999999994, 0.9999999999999994, 0.9999999999999994, 0.9999999999999994, 0.9999999999999994, 0.9999999999999994, 0.9999999999999994, 0.9999999999999994, 0.9999999999999994, 0.9999999999999994, 0.9999999999999994, 0.9999999999999994, 0.9999999999999994, 0.9999999999999994, 0.9999999999999994, 0.9999999999999994, 0.9999999999999994, 0.9999999999999994, 0.9999999999999994, 0.9999999999999994, 0.9999999999999994, 0.9999999999999994, 0.9999999999999994, 0.9999999999999994, 0.9999999999999994, 0.9999999999999994, 0.9999999999999994, 0.9999999999999994, 0.9999999999999994, 0.9999999999999994, 0.9999999999999994, 0.9999999999999994, 0.9999999999999994, 0.9999999999999994, 0.9999999999999994, 0.9999999999999994, 0.9999999999999994, 0.9999999999999994, 0.9999999999999994, 0.9999999999999994, 0.9999999999999994, 0.9999999999999994, 0.9999999999999994, 0.9999999999999994, 0.9999999999999994, 0.9999999999999994, 0.9999999999999994, 0.9999999999999994, 0.9999999999999994, 0.9999999999999994, 0.9999999999999994, 0.9999999999999994, 0.9999999999999994, 0.9999999999999994, 0.9999999999999994, 0.9999999999999994, 0.9999999999999994, 0.9999999999999994, 0.9999999999999994, 0.9999999999999994, 0.9999999999999994, 0.9999999999999994, 0.9999999999999994, 0.9999999999999994, 0.9999999999999994, 0.9999999999999994, 0.9999999999999994, 0.9999999999999994, 0.9999999999999994, 0.9999999999999994, 0.9999999999999994, 0.9999999999999994, 0.9999999999999994, 0.9999999999999994, 0.9999999999999994, 0.9999999999999994, 0.9999999999999994, 0.9999999999999994, 0.9999999999999994, 0.9999999999999994, 0.9999999999999994, 0.9999999999999994, 0.9999999999999994, 0.9999999999999994, 0.9999999999999994, 0.9999999999999994, 0.9999999999999994, 0.9999999999999994, 0.9999999999999994, 0.9999999999999994, 0.9999999999999994, 0.9999999999999994, 0.9999999999999994, 0.9999999999999994, 0.9999999999999994, 0.9999999999999994, 0.9999999999999994, 0.9999999999999994, 0.9999999999999994, 0.9999999999999994, 0.9999999999999994, 0.9999999999999994, 0.9999999999999994, 0.9999999999999994, 0.9999999999999994, 0.9999999999999994, 0.9999999999999994, 0.9999999999999994, 0.9999999999999994, 0.9999999999999994, 0.9999999999999994, 0.9999999999999994, 0.9999999999999994, 0.9999999999999994, 0.9999999999999994, 0.9999999999999994, 0.9999999999999994, 0.9999999999999994, 0.9999999999999994, 0.9999999999999994, 0.9999999999999994, 0.9999999999999994, 0.9999999999999994, 0.9999999999999994, 0.9999999999999994, 0.9999999999999994, 0.9999999999999994, 0.9999999999999994, 0.9999999999999994, 0.9999999999999994, 0.9999999999999994, 0.9999999999999994, 0.9999999999999994, 0.9999999999999994, 0.9999999999999994, 0.9999999999999994, 0.9999999999999994, 0.9999999999999994, 0.9999999999999994, 0.9999999999999994, 0.9999999999999994, 0.9999999999999994, 0.9999999999999994, 0.9999999999999994], 'latent/encoder_grad_norm': [0.02232814340355805, 0.061220260735405374, 0.07535729605503656, 0.12054283923119838, 0.12499592853417248, 0.16454017388311587, 0.11290565316036198, 0.172042940469289, 0.15820461901982333, 0.13677686091023478, 0.16871141748323612, 0.15096929764018377, 0.14525550135642246, 0.15438277324369848, 0.18057555408804238, 0.1930403880262966, 0.2057092804071427, 0.15481582625337548, 0.16597890381625086, 0.24015214364722368, 0.17896766089051516, 0.18082433651733448, 0.1861485831375246, 0.1938768323800065, 0.16184845568247377, 0.19322779571590093, 0.20790422311476853, 0.1857091288508719, 0.21880689053148691, 0.17444091063121756, 0.20254877737028673, 0.1552326879518742, 0.1831902218765195, 0.1484635800332237, 0.18036281397330373, 0.16141185387186774, 0.18545623626270782, 0.15625104797236275, 0.13637202057829997, 0.14786156742892312, 0.14697919753844332, 0.1328421261816076, 0.1661537159278959, 0.18750156799675288, 0.14865646333924523, 0.16077588359168585, 0.12153800117669586, 0.13874166922259962, 0.13533282352059509, 0.11847208898627318, 0.131771467249605, 0.1593921372006866, 0.16212122401527668, 0.11404257861973342, 0.129088652652735, 0.09458591619183893, 0.12372151603174744, 0.09682355126828834, 0.1313907005341669, 0.10740039164431754, 0.0931707730832192, 0.11077139086689478, 0.11995269112185113, 0.10945021402368518, 0.10459280061318195, 0.11155544617266003, 0.12106234897057885, 0.10309147320696109, 0.10185671278161339, 0.08640154801007645, 0.08290798589877671, 0.13868367164509104, 0.09763084838093132, 0.11653429139430291, 0.10436819211991902, 0.08811196738505798, 0.09387065320834763, 0.08897330398936076, 0.10715651617999497, 0.08422992273555949, 0.10864465798946356, 0.08921445696950789, 0.10723941746364586, 0.0857097457553625, 0.09315061743454636, 0.08831366980267592, 0.09321349306673782, 0.07423398894439483, 0.08745983022777405, 0.08189952642962167, 0.08191226809795024, 0.11426558365963085, 0.06838965464771639, 0.07187054876361385, 0.07084814089642444, 0.0932767413953005, 0.07726803535490098, 0.07008346123834563, 0.07635593852741548, 0.08103045359313818, 0.08342038114208217, 0.06500341080741087, 0.06827576821081612, 0.07672925070150927, 0.08388131451324156, 0.06453433131862435, 0.06662991070397897, 0.08447685367252744, 0.08475836880948454, 0.06972873790584645, 0.06747357044917564, 0.06278728237772549, 0.05690763969841707, 0.07153459780777112, 0.0854789355614865, 0.10908058973098797, 0.07040662894615475, 0.06999544778057745, 0.05989599466638993, 0.05866476728016027, 0.06914397827000604, 0.060330284174150955, 0.08075465152147492, 0.06410538820373814, 0.08557709209259676, 0.05542272531501342, 0.06189852891788877, 0.07645354945060505, 0.0754680431710149, 0.05749221119573119, 0.08792723686132192, 0.06630398340036014, 0.05818742180001032, 0.049292377301169324, 0.06664584811342614, 0.07016383364021768, 0.05775857476880621, 0.05529063462731113, 0.05400923865479451, 0.04610712245491471, 0.05586215300819062, 0.06124443484572132, 0.06353294851152944, 0.054104588109699474, 0.05702821968883385, 0.04316063131519341, 0.07389929263110981, 0.06546371195899353, 0.04830141602989383, 0.046608618440483134, 0.05353959386028259, 0.07509686911797331, 0.08861568122038273, 0.04681581645802444, 0.04770672562776941, 0.050884841556327186, 0.056161685870237704, 0.04671765719514245, 0.05146590117877059, 0.06429356459245947, 0.048325051148643744, 0.048023694667686835, 0.05189382121479423, 0.04468043630559081, 0.04073778701130809, 0.043927904600262246, 0.05103907462931127, 0.041140855339663766, 0.05349219395706757, 0.06291550130265877, 0.05128167933261099, 0.05124785568815253, 0.05055711480098764, 0.056724389012607894, 0.0425371401386811, 0.037519107785754575, 0.057871247509729516, 0.05442376288375366, 0.03975899156661476, 0.049622954570468475, 0.036727716094496474, 0.043053091359026345, 0.04455582677094226, 0.04520369730492456, 0.057041682952703926, 0.04079442545794666, 0.05193150900911669, 0.044353158673188675, 0.052486595784998674, 0.05307303594870099, 0.0518295541966822, 0.05253169918454499, 0.045625978899780525, 0.051918942279451666, 0.04200691974891266, 0.0711642402942153, 0.051445947380404644, 0.0461273795763169, 0.03921668451646834, 0.04764475082249868], 'step': [1000, 2000, 3000, 4000, 5000, 6000, 7000, 8000, 9000, 10000, 11000, 12000, 13000, 14000, 15000, 16000, 17000, 18000, 19000, 20000, 21000, 22000, 23000, 24000, 25000, 26000, 27000, 28000, 29000, 30000, 31000, 32000, 33000, 34000, 35000, 36000, 37000, 38000, 39000, 40000, 41000, 42000, 43000, 44000, 45000, 46000, 47000, 48000, 49000, 50000, 51000, 52000, 53000, 54000, 55000, 56000, 57000, 58000, 59000, 60000, 61000, 62000, 63000, 64000, 65000, 66000, 67000, 68000, 69000, 70000, 71000, 72000, 73000, 74000, 75000, 76000, 77000, 78000, 79000, 80000, 81000, 82000, 83000, 84000, 85000, 86000, 87000, 88000, 89000, 90000, 91000, 92000, 93000, 94000, 95000, 96000, 97000, 98000, 99000, 100000, 101000, 102000, 103000, 104000, 105000, 106000, 107000, 108000, 109000, 110000, 111000, 112000, 113000, 114000, 115000, 116000, 117000, 118000, 119000, 120000, 121000, 122000, 123000, 124000, 125000, 126000, 127000, 128000, 129000, 130000, 131000, 132000, 133000, 134000, 135000, 136000, 137000, 138000, 139000, 140000, 141000, 142000, 143000, 144000, 145000, 146000, 147000, 148000, 149000, 150000, 151000, 152000, 153000, 154000, 155000, 156000, 157000, 158000, 159000, 160000, 161000, 162000, 163000, 164000, 165000, 166000, 167000, 168000, 169000, 170000, 171000, 172000, 173000, 174000, 175000, 176000, 177000, 178000, 179000, 180000, 181000, 182000, 183000, 184000, 185000, 186000, 187000, 188000, 189000, 190000, 191000, 192000, 193000, 194000, 195000, 196000, 197000, 198000, 199000, 200000]}
  implicit_horizon_degradation_ratio: [0.9944, 0.9825, 1.0639, 1.0674, 0.9668, 0.9882]...

--- cross_agent_cca_timeline ---
  shared_steps: [10000, 20000, 30000, 40000, 50000, 60000]...
  mean_canonical_corr: [0.4971, 0.5075, 0.507, 0.505, 0.5025, 0.4924]...
  top1_canonical_corr: [0.5803, 0.5695, 0.5843, 0.5925, 0.5817, 0.5606]...

