Latent Space Analysis Report
==================================================

--- snapshot_geometry ---
  explicit_steps: [10000, 20000, 30000, 40000, 50000, 60000]...
  explicit_participation_ratio: [47.0787, 43.7424, 42.2282, 41.2241, 40.9349, 40.2475]...
  explicit_dims_95pct: [51, 51, 51, 50, 50, 50]...
  explicit_dead_unit_frac: [0.0, 0.0, 0.0, 0.0, 0.0, 0.0]...
  explicit_median_r2: [0.2597, 0.462, 0.4488, 0.5303, 0.5093, 0.583]...
  implicit_steps: [10000, 20000, 30000, 40000, 50000, 60000]...
  implicit_participation_ratio: [9.2423, 10.6293, 10.483, 10.8628, 10.603, 10.5387]...
  implicit_dims_95pct: [18, 20, 20, 21, 21, 21]...
  implicit_dead_unit_frac: [0.0, 0.0, 0.0, 0.0, 0.0, 0.0]...
  implicit_median_r2: [0.9678, 0.9727, 0.9765, 0.9757, 0.9711, 0.9684]...

--- metrics_timeline ---
  explicit: {'wm/kl_active_vars': [2.5476639500000005, 3.2140321081394516, 2.6361558658544935, 4.944776037190884, 6.619162850430265, 6.591540008131391, 5.938613557758108, 5.7513197511533, 6.162707458038435, 6.0104110368270085, 5.942905978597697, 5.457652977397645, 4.914277758551137, 4.888838239490656, 5.070207533548064, 4.593697232711905, 4.585319744760717, 4.023244843541715, 3.9240846576007753, 3.4037148054177813, 3.051311018976075, 3.337007703913015, 3.3838771121034323, 3.317433841250007, 3.2117601348144076, 2.9968415551108163, 2.564049899576033, 2.7193820906288346, 2.958157415612664, 2.5555098869130175, 2.9272719132008693, 2.782287641990785, 3.168144193192527, 3.650938177421716, 3.9769674387767626, 3.7057106141679985, 4.04251917415214, 4.609292411305975, 4.384464124149786, 4.728289771915873, 4.609225304538067, 4.601839848170137, 4.763032859504314, 4.888523162787762, 4.897685592796176, 4.833861866484862, 4.473227775188731, 4.713639325357543, 4.720887935155519, 4.922861312605817, 4.861533977208417, 4.990481570030128, 4.9160282611455415, 4.871335961075199, 4.551270895120085, 4.6172665956336765, 4.84095811673401, 4.5073635859760826, 5.176666384399686, 5.026290309586122, 4.881854564903037, 4.422910698540783, 4.573634058850577, 4.802288924956323, 4.8082050226406094, 4.5177752971963825, 4.868024776153008, 4.7589903228537, 4.427476059189888, 4.2685105623541055, 4.236077636592565, 4.2231416716186985, 4.277436778228379, 4.45367359301101, 4.553329246958692, 4.448661824452217, 4.344836146301694, 4.472963898987906, 4.0811589891089035, 4.588715698102338, 4.246436695638145, 4.37357294433396, 3.7706065187117703, 3.803756881707131, 3.5998621000027233, 3.9744514939380364, 3.839501230779484, 4.624829731164403, 3.6595947922590635, 3.545850808639474, 4.4976995607134596, 3.774978982365405, 4.356157531793678, 4.22958930486355, 3.5746194420132062, 3.346442625817186, 4.012067220358177, 4.210081275504941, 3.007983136588615, 3.888499989883348, 3.170041449647902, 4.1269483939109435, 3.522162161854572, 3.8550853559557376, 3.5420709464241327, 3.64047604160623, 3.2127443511736775, 3.1449404779166787, 3.404997423328509, 3.5825407531843454, 3.3094032251790404, 3.278869308262498, 3.306631066355159, 3.5437595385979264, 3.8373593913250996, 3.793778248411983, 3.388828239661029, 3.086008440287502, 3.0314826735315097, 3.2074523692074175, 3.856203663757747, 3.540069354670321, 3.3485616306548227, 3.358803459748759, 2.908735474731411, 2.876560182382989, 3.232379254165967, 2.681182281017568, 2.4421960622439745, 2.5266795409395173, 3.1863000801695867, 2.9889742067835705, 2.7379288048986177, 2.9305981630431797, 2.5462427648498607, 3.23027948687863, 3.0053264453660677, 2.878701490313718, 2.802726152352143, 2.8327581900639776, 3.1536837216497897, 2.9105542282306547, 2.1500726441557347, 3.1176343453273514, 2.8007213079238134, 2.832559909837879, 2.672310809212715, 2.622102550135068, 2.622954463698469, 3.1813726946097125, 2.886641380068631, 2.9881691617103554, 3.193981663032907, 3.1017190737987272, 2.2300827240569436, 2.3905239569940253, 2.7757157855713177, 2.800352285759182, 3.1111274731412855, 2.5259981832449743, 2.6254271976550765, 2.6482130722718837, 2.5921194748906453, 2.2267219937194174, 2.5490853857139317, 2.353614104734129, 2.662830439399491, 2.0899213439060915, 2.306179741890908, 1.8227177459147776, 2.874326209624272, 2.0879635632614244, 2.6142808301868303, 1.919444960770537, 2.7526753366989922, 2.3793775355909297, 2.6656929954466246, 2.180289138875313, 1.5124098756707187, 2.4069222059679722, 1.9710566971165107, 1.221529679691215, 1.8071484201270998, 1.4534813295263325, 2.6441477801814277, 2.262751963744677, 2.070895157343039, 2.5863336914465163, 2.6321027184739814, 2.316976035453243, 2.312951247165244, 1.8825061485535983, 1.9997609017421503, 1.420108335623142, 1.7600817992070685, 1.8869578002482206, 1.5927089779723727, 1.226840058310295, 2.4447134282261826, 2.5403837478872022], 'wm/kl_min_var': [0.03337714651125063, 0.045111993329390185, 0.046860860625531374, 0.030791934704672935, 0.03301247665876383, 0.0473568303745567, 0.06914875430757823, 0.07960661252153434, 0.07954732814932819, 0.07160439263895906, 0.06690067437016699, 0.06450708722835335, 0.06251838153987391, 0.06308980748807438, 0.06395826801896877, 0.06613903659295378, 0.07078175194649652, 0.07029839447928335, 0.07318994851408882, 0.07146481442725712, 0.074628114086845, 0.07551624240568218, 0.07538815414664676, 0.0752623984128629, 0.07314392334120506, 0.07632145902799292, 0.07526789920646679, 0.07704417104643946, 0.0780789216507973, 0.07734704715627083, 0.07761489968763578, 0.07885127745441436, 0.07902665115056062, 0.07957820578509432, 0.0807090245451111, 0.07965032653685394, 0.08129726740399895, 0.08092768372301491, 0.08095637724376734, 0.08273893880738235, 0.0841924597848656, 0.08329552513619592, 0.0833035939571516, 0.08534784070184814, 0.08374199832276837, 0.08374632303862078, 0.08284994438782868, 0.08211570971365441, 0.08433199424516694, 0.08311945500564986, 0.08409682223317418, 0.08596181879642868, 0.08473314590743918, 0.08550688550728805, 0.08330789254848506, 0.08482002298178158, 0.08644932855860592, 0.08575163797944726, 0.08707714631419515, 0.08600349706107714, 0.08545554508820723, 0.08444228063025559, 0.08370390557056964, 0.08790998889953176, 0.08678270873161344, 0.08586493641972959, 0.08707457532479501, 0.08606872145123007, 0.08665518656466709, 0.08476608055886728, 0.08303188402302492, 0.08480395309189705, 0.08589342571920032, 0.08616877595560521, 0.08557489244367295, 0.08558612796065015, 0.08350928917760445, 0.08358530583804151, 0.08353156001678819, 0.08553134607578503, 0.08358839949721124, 0.08406329254695012, 0.080650108333019, 0.08260523474852989, 0.08295819996980759, 0.08460240955452504, 0.08154426340466223, 0.08494390459132112, 0.08302864785139327, 0.08203611069344714, 0.08476560669788887, 0.08346783417674175, 0.08591695846541657, 0.08686902122893954, 0.08503555490601038, 0.08112550469111185, 0.08397024488528658, 0.08519911878994019, 0.08251680905106182, 0.08584943234341533, 0.08614329488619604, 0.08816670156165807, 0.08307289471732114, 0.08455803993936885, 0.08508534174875448, 0.08475738802349723, 0.08163698438420591, 0.08294688122895323, 0.08071247152599441, 0.08326522490585461, 0.08262138093887468, 0.08343751401310254, 0.08473494993370202, 0.08319616378730794, 0.08546680358220782, 0.08460996006596179, 0.08259602915611203, 0.0840550614618533, 0.08200863010848379, 0.08445799634770798, 0.08375241010903536, 0.08190026708272177, 0.08006542066800237, 0.08142337810953858, 0.08366987130503148, 0.08250393755603579, 0.08569130271021676, 0.08179884505777764, 0.08084582153393477, 0.08074574557323262, 0.0821043901853219, 0.08220520175584478, 0.08017295513965808, 0.08160304016155231, 0.08281003089378335, 0.0847740877473154, 0.08256172669273061, 0.07990939536029149, 0.08165170764599639, 0.0810400779221946, 0.08049775470452301, 0.08004081312252183, 0.0785809007007199, 0.0822248432789536, 0.0812340181756075, 0.08127645352967532, 0.07957387434975267, 0.08308366287448422, 0.08133354280485154, 0.07900074555588803, 0.07921234132622326, 0.08164432591423958, 0.08305656163556448, 0.08261171814346346, 0.08210121427094391, 0.08117703169840094, 0.08021772974226436, 0.08103957473618076, 0.08135421302851177, 0.08058765574074461, 0.08132811158589681, 0.08347934561860883, 0.08205795487147488, 0.0818236216404285, 0.0818174378954414, 0.08207237035090233, 0.08035772852694352, 0.07837492308370542, 0.08282880236927552, 0.08258520186907352, 0.08208366528330811, 0.08065150871248898, 0.08189868092583326, 0.08191181761553423, 0.08418393196679573, 0.08100521527131428, 0.08194270475761493, 0.08025173227180268, 0.07938985552061927, 0.08422448687734156, 0.08320347544069956, 0.0818562930986637, 0.08136614692684645, 0.08095056177407246, 0.0809355833737393, 0.08072227056955117, 0.08044161152022247, 0.08132217455620216, 0.08419019569720225, 0.08287745361435828, 0.07879044579927559, 0.07985113473723257, 0.08014438750939759, 0.07970084619908556, 0.0805483299880755, 0.08048495562049125, 0.08042250667522986, 0.07977590148323238, 0.08128276580834845, 0.08313073930953073], 'latent/z_active_frac': [0.5695327900000001, 0.9202335569231275, 0.9852191170585654, 0.9969567472778296, 0.9994360791266039, 0.9998838936929647, 0.999978485266901, 0.9999960132765209, 0.9999991791689895, 0.9999998478983565, 0.9999999718152583, 0.9999999941970116, 0.9999999989246946, 0.9999999997786042, 0.9999999999589751, 0.999999999992398, 0.9999999999984347, 0.9999999999997098, 0.9999999999999462, 0.9999999999999889, 0.9999999999999979, 0.9999999999999994, 0.9999999999999994, 0.9999999999999994, 0.9999999999999994, 0.9999999999999994, 0.9999999999999994, 0.9999999999999994, 0.9999999999999994, 0.9999999999999994, 0.9999999999999994, 0.9999999999999994, 0.9999999999999994, 0.9999999999999994, 0.9999999999999994, 0.9999999999999994, 0.9999999999999994, 0.9999999999999994, 0.9999999999999994, 0.9999999999999994, 0.9999999999999994, 0.9999999999999994, 0.9999999999999994, 0.9999999999999994, 0.9999999999999994, 0.9999999999999994, 0.9999999999999994, 0.9999999999999994, 0.9999999999999994, 0.9999999999999994, 0.9999999999999994, 0.9999999999999994, 0.9999999999999994, 0.9999999999999994, 0.9999999999999994, 0.9999999999999994, 0.9999999999999994, 0.9999999999999994, 0.9999999999999994, 0.9999999999999994, 0.9999999999999994, 0.9999999999999994, 0.9999999999999994, 0.9999999999999994, 0.9999999999999994, 0.9999999999999994, 0.9999999999999994, 0.9999999999999994, 0.9999999999999994, 0.9999999999999994, 0.9999999999999994, 0.9999999999999994, 0.9999999999999994, 0.9999999999999994, 0.9999999999999994, 0.9999999999999994, 0.9999999999999994, 0.9999999999999994, 0.9999999999999994, 0.9999999999999994, 0.9999999999999994, 0.9999999999999994, 0.9999999999999994, 0.9999999999999994, 0.9999999999999994, 0.9999999999999994, 0.9999999999999994, 0.9999999999999994, 0.9999999999999994, 0.9999999999999994, 0.9999999999999994, 0.9999999999999994, 0.9999999999999994, 0.9999999999999994, 0.9999999999999994, 0.9999999999999994, 0.9999999999999994, 0.9999999999999994, 0.9999999999999994, 0.9999999999999994, 0.9999999999999994, 0.9999999999999994, 0.9999999999999994, 0.9999999999999994, 0.9999999999999994, 0.9999999999999994, 0.9999999999999994, 0.9999999999999994, 0.9999999999999994, 0.9999999999999994, 0.9997949679678675, 0.9999620071505098, 0.9999921776092068, 0.9999985504951934, 0.999999731403833, 0.9999999446984311, 0.9999999897525076, 0.9999999978901322, 0.9999999996090372, 0.9999999999275536, 0.999999999985084, 0.9999117404304035, 0.9999836453235678, 0.9998985665317849, 0.9999812041735572, 0.999996130106015, 0.9999992829008317, 0.9999998671200764, 0.9999999726412021, 0.9999999949303595, 0.9999999990605853, 0.9999999998065829, 0.9997468739985641, 0.9999478836010017, 0.9998242667800216, 0.9999674362795528, 0.9999932954187319, 0.9999987576275551, 0.9999997697858777, 0.9999999526009536, 0.999999991216861, 0.9999999981916295, 0.999920566054756, 0.9999852807295783, 0.9999969694327493, 0.99999943842977, 0.9999998959399027, 0.9999999785749487, 0.9999019298445251, 0.9999798082246646, 0.9994871939813462, 0.9994926338114923, 0.9996677244320258, 0.999938428666428, 0.999900331140751, 0.9999794790657347, 0.999996197429451, 0.9999992170844446, 0.999999854924167, 0.9997771920340409, 0.999954125815649, 0.999991499421025, 0.9999984248255542, 0.9999202420754006, 0.999476075651901, 0.9995796274307449, 0.9999221041142331, 0.9999855657351044, 0.9998124992839408, 0.9997217717943017, 0.9999484437517733, 0.9997615716566504, 0.9999558187466178, 0.9999909034717238, 0.9999983143949455, 0.9999996876539804, 0.9999999356907244, 0.9999999880833615, 0.9996844534943714, 0.9999350317727275, 0.9998034324274042, 0.99970640251435, 0.9998741055440351, 0.9995337118946117, 0.9995626098816714, 0.9999189507280333, 0.9997571680372396, 0.9998519368669089, 0.9999725636025157, 0.9997665377200257, 0.9999567389681872, 0.9998259076974388, 0.9996246023903227, 0.9999304380650421, 0.9999871100330147, 0.9999973460701046, 0.9997855530950013, 0.9997897713379287, 0.9999610442044906, 0.9998947152270752], 'latent/encoder_grad_norm': [None, None, None, None, None, None, None, None, None, None, None, None, None, None, None, None, None, None, None, None, None, None, None, None, None, None, None, None, None, None, None, None, None, None, None, None, None, None, None, None, None, None, None, None, None, None, None, None, None, None, None, None, None, None, None, None, None, None, None, None, None, None, None, None, None, None, None, None, None, None, None, None, None, None, None, None, None, None, None, None, None, None, None, None, None, None, None, None, None, None, None, None, None, None, None, None, None, None, None, None, None, None, None, None, None, None, None, None, None, None, None, None, None, None, None, None, None, None, None, None, None, None, None, None, None, None, None, None, None, None, None, None, None, None, None, None, None, None, None, None, None, None, None, None, None, None, None, None, None, None, None, None, None, None, None, None, None, None, None, None, None, None, None, None, None, None, None, None, None, None, None, None, None, None, None, None, None, None, None, None, None, None, None, None, None, None, None, None, None, None, None, None, None, None, None, None, None, None, None, None], 'step': [1000, 2000, 3000, 4000, 5000, 6000, 7000, 8000, 9000, 10000, 11000, 12000, 13000, 14000, 15000, 16000, 17000, 18000, 19000, 20000, 21000, 22000, 23000, 24000, 25000, 26000, 27000, 28000, 29000, 30000, 31000, 32000, 33000, 34000, 35000, 36000, 37000, 38000, 39000, 40000, 41000, 42000, 43000, 44000, 45000, 46000, 47000, 48000, 49000, 50000, 51000, 52000, 53000, 54000, 55000, 56000, 57000, 58000, 59000, 60000, 61000, 62000, 63000, 64000, 65000, 66000, 67000, 68000, 69000, 70000, 71000, 72000, 73000, 74000, 75000, 76000, 77000, 78000, 79000, 80000, 81000, 82000, 83000, 84000, 85000, 86000, 87000, 88000, 89000, 90000, 91000, 92000, 93000, 94000, 95000, 96000, 97000, 98000, 99000, 100000, 101000, 102000, 103000, 104000, 105000, 106000, 107000, 108000, 109000, 110000, 111000, 112000, 113000, 114000, 115000, 116000, 117000, 118000, 119000, 120000, 121000, 122000, 123000, 124000, 125000, 126000, 127000, 128000, 129000, 130000, 131000, 132000, 133000, 134000, 135000, 136000, 137000, 138000, 139000, 140000, 141000, 142000, 143000, 144000, 145000, 146000, 147000, 148000, 149000, 150000, 151000, 152000, 153000, 154000, 155000, 156000, 157000, 158000, 159000, 160000, 161000, 162000, 163000, 164000, 165000, 166000, 167000, 168000, 169000, 170000, 171000, 172000, 173000, 174000, 175000, 176000, 177000, 178000, 179000, 180000, 181000, 182000, 183000, 184000, 185000, 186000, 187000, 188000, 189000, 190000, 191000, 192000, 193000, 194000, 195000, 196000, 197000, 198000, 199000, 200000]}
  implicit: {'latent/consistency_t0': [0.0026031631976366045, 0.00023493613238992182, 0.00013444650884717764, 0.00010448070350369336, 8.139221071858978e-05, 7.018169194943462e-05, 5.240303380511105e-05, 4.818639273705314e-05, 4.6413794884420205e-05, 5.226634830166257e-05, 5.0675122299807324e-05, 5.373899984272828e-05, 3.721605129685826e-05, 4.8290001605269025e-05, 4.1437172373248314e-05, 4.001539130652428e-05, 4.051818009790378e-05, 4.099574868332143e-05, 3.4343853612043036e-05, 4.077998767495752e-05, 2.971215017940316e-05, 2.9651713261598802e-05, 3.328466308313127e-05, 3.3500439610516875e-05, 2.9295193860674085e-05, 3.1984322508106874e-05, 3.5013591084999216e-05, 2.9679510856114e-05, 2.9345443345709382e-05, 3.834793803197749e-05, 2.8134113594093765e-05, 2.9745865337192754e-05, 3.46815881410579e-05, 2.495177216239544e-05, 2.5165915409579387e-05, 2.6361824817411583e-05, 2.7837329907422752e-05, 2.0622986268673512e-05, 2.2481373389348622e-05, 1.9519762467960453e-05, 2.1184756120338988e-05, 1.9211673427532576e-05, 1.835468214809705e-05, 1.8555639893138718e-05, 2.2098591001477e-05, 1.778487409165611e-05, 1.8200145557128794e-05, 2.000421636800687e-05, 1.7850082158595672e-05, 1.704016920757293e-05, 1.3666686662284635e-05, 1.1285283922391958e-05, 1.4776162553112345e-05, 1.5005936287994368e-05, 1.4860370168957032e-05, 1.3083696225646013e-05, 1.1444214862750973e-05, 1.2748049865664248e-05, 1.209010660596755e-05, 1.2241340266992774e-05, 1.2585827181896981e-05, 1.1731458386503263e-05, 1.5213162001377778e-05, 1.4206748725556478e-05, 1.1165393813417482e-05, 1.170959617535969e-05, 1.0741472408733105e-05, 1.3823729997936353e-05, 1.2559540514092954e-05, 1.2828387007974368e-05, 9.720630368941697e-06, 1.1508232971720848e-05, 1.0615328502969187e-05, 9.024521175106824e-06, 1.0260228197019747e-05, 9.037027122595765e-06, 1.0374050873832618e-05, 8.929212673415466e-06, 1.0873644820464191e-05, 1.035226026404501e-05, 8.244180120965734e-06, 9.161159905957588e-06, 9.072592966142668e-06, 7.945480241780792e-06, 1.3240573573931537e-05, 9.328898012098347e-06, 7.018009937315857e-06, 1.4457983969479066e-05, 7.613435253570146e-06, 7.864893199884608e-06, 7.497892832154252e-06, 9.136558432612207e-06, 7.641579788684016e-06, 7.658392143227267e-06, 8.58148891209678e-06, 8.725466734484137e-06, 1.0124163588295838e-05, 6.844892550754981e-06, 7.92259774758706e-06, 8.30152936633922e-06, 7.196404082754679e-06, 7.183370754098675e-06, 6.30206394694681e-06, 6.237066829034955e-06, 7.49808311824459e-06, 6.152788124512083e-06, 8.730014629158346e-06, 7.917131868087395e-06, 7.480976924847973e-06, 1.0233610762134403e-05, 5.444984885056637e-06, 7.297179614968213e-06, 6.8725088017090664e-06, 9.581620567008933e-06, 8.185953077299277e-06, 5.8483449803667e-06, 6.912269638643637e-06, 6.415107593902948e-06, 5.8671430638205455e-06, 7.332518307601208e-06, 7.226713581237037e-06, 7.800619706175163e-06, 5.853814336067734e-06, 5.424545867022357e-06, 4.9756268841332365e-06, 7.1548487689658644e-06, 5.9692357461817015e-06, 5.405651559169157e-06, 6.630131259493526e-06, 6.629808794747222e-06, 5.351451787648182e-06, 6.2155737582828795e-06, 7.83000581530525e-06, 5.963744296234467e-06, 5.370997104381843e-06, 5.644264367042037e-06, 8.65651812465021e-06, 5.061763835656034e-06, 4.833205965047333e-06, 6.543904403900588e-06, 6.500774197776982e-06, 5.5845283478766716e-06, 7.633248733656882e-06, 4.948290586579493e-06, 4.315619156078451e-06, 4.367607674594192e-06, 7.0799689155009e-06, 4.720754573141238e-06, 5.964592605704505e-06, 5.293163009252032e-06, 5.097770310276322e-06, 5.7138360005888086e-06, 4.93846035551028e-06, 4.344580165490756e-06, 5.623831416015937e-06, 4.4975680443385375e-06, 4.344530773367852e-06, 5.037338810994218e-06, 5.686876308535626e-06, 4.0688742884075525e-06, 3.78072598941731e-06, 6.061433506874815e-06, 4.562305716999072e-06, 5.825146616527387e-06, 6.211520871769207e-06, 6.0219227334135495e-06, 4.52509645223233e-06, 4.67487921065457e-06, 4.677680700868484e-06, 5.88137321332466e-06, 5.733598804242518e-06, 5.024396090377127e-06, 4.857623627144503e-06, 4.370342855976983e-06, 5.695827824672729e-06, 5.17825442650754e-06, 3.93343676281984e-06, 3.1456743973181756e-06, 4.094892125201112e-06, 5.077786891912733e-06, 4.709366078642745e-06, 5.830245661853834e-06, 3.7333414560368086e-06, 5.360804015935616e-06, 5.561931313409411e-06, 4.100951047634459e-06, 3.8774704362955286e-06, 4.1595747660187975e-06, 3.770881016341468e-06, 3.2794910925720644e-06, 4.005427702572089e-06, 4.026590882126806e-06, 4.35788991809038e-06, 6.496368267739043e-06, 3.561580678568506e-06, 3.33704057819974e-06, 3.798838156597591e-06, 4.853383524077033e-06, 4.2943315749495494e-06, 4.481223881076491e-06], 'latent/consistency_tH': [0.0025875385850667957, 0.00023469370388296055, 0.00013357143168009434, 0.00010220611571637248, 8.119627038830676e-05, 6.290669942984867e-05, 6.159785295333119e-05, 6.174407554404939e-05, 5.164926415713911e-05, 4.691658506914128e-05, 4.703310652468433e-05, 4.2756005885759174e-05, 3.497348633787312e-05, 4.6498551732928355e-05, 3.75589629524412e-05, 4.099924517791976e-05, 4.0738294224257624e-05, 3.473120611203722e-05, 3.272651132908526e-05, 3.242847548613573e-05, 3.609567804549207e-05, 4.061127062410608e-05, 3.247648214268326e-05, 3.4779058831254233e-05, 3.2002466121487345e-05, 2.883099784601323e-05, 2.766413283123961e-05, 2.9660702244764106e-05, 2.5355990248502602e-05, 2.9991964524381982e-05, 3.966967516320295e-05, 3.264427465821759e-05, 2.8674911605820267e-05, 2.663395416833089e-05, 2.3304954727731378e-05, 2.7294932167506728e-05, 2.2769953436262878e-05, 2.479767949338278e-05, 2.706794943989291e-05, 2.1099336679503374e-05, 1.7388121920616388e-05, 1.8541783610562412e-05, 1.7593108102618236e-05, 1.8614248726841635e-05, 1.8146886266885176e-05, 1.683410509519788e-05, 1.5380612333490003e-05, 1.916328183664167e-05, 1.5056750154074867e-05, 1.5971469912282514e-05, 1.582891009806965e-05, 1.1605683037418583e-05, 1.3057713579509533e-05, 1.5518178742845906e-05, 1.5052551750931775e-05, 1.2747409168787456e-05, 1.3236425996513702e-05, 1.1618591161839273e-05, 1.5504126149952984e-05, 1.1508201630673489e-05, 1.3704375486681256e-05, 1.2335553170999215e-05, 1.52719410734735e-05, 1.0462086262625658e-05, 1.2459218700896576e-05, 1.242342869329951e-05, 1.163335086840258e-05, 1.227624916564706e-05, 1.4152303837430438e-05, 1.775079658533432e-05, 1.2414526403920292e-05, 1.293728064927009e-05, 1.0665016957314644e-05, 1.2946741326286478e-05, 9.410918029914855e-06, 8.626772843931638e-06, 1.0286162132532754e-05, 1.0311761123423522e-05, 1.3347805655420198e-05, 1.0512173270323864e-05, 8.089174133795347e-06, 8.57263788552809e-06, 8.462237399487406e-06, 9.818316306667605e-06, 1.221506903469328e-05, 9.460283212151297e-06, 7.682680010331924e-06, 1.456291786555481e-05, 8.50744790827175e-06, 7.838832398659673e-06, 7.59906178513922e-06, 8.872193061405064e-06, 7.597529665262472e-06, 7.329102517093761e-06, 1.0460448601660168e-05, 1.0845638562115335e-05, 9.753119070459394e-06, 6.657463931182334e-06, 7.082893689541697e-06, 9.521604620664088e-06, 8.645865950522266e-06, 6.918473400413062e-06, 6.974339507479297e-06, 7.361810431359242e-06, 8.383594981589377e-06, 6.437229888337891e-06, 9.003704532031517e-06, 7.97894651654467e-06, 7.181703429185516e-06, 9.2600229620104e-06, 8.688295857878378e-06, 7.305257426607678e-06, 6.2866275801275705e-06, 7.36571351185042e-06, 8.014232001882764e-06, 6.389529074748379e-06, 6.149036179567005e-06, 6.400360762347916e-06, 6.45180892367288e-06, 6.806403986890123e-06, 6.44786185251201e-06, 7.796982961335043e-06, 6.699551569867119e-06, 5.587493862127647e-06, 5.810071111407618e-06, 5.816743887138346e-06, 6.091537135585286e-06, 6.6853719397045336e-06, 7.1560651650210874e-06, 8.683281050408301e-06, 5.776505868813865e-06, 5.894069690797802e-06, 6.63883939920437e-06, 6.288618092197945e-06, 4.7318480939465255e-06, 5.356275723046083e-06, 9.695194222680264e-06, 5.005102725783339e-06, 5.139988710606728e-06, 6.159028062267354e-06, 7.086750527437028e-06, 4.780437488275042e-06, 6.389332318855524e-06, 6.988064671057629e-06, 5.044105537937015e-06, 3.850366591485177e-06, 7.214804985806524e-06, 5.181221268511166e-06, 6.0262578186376814e-06, 4.396181607138004e-06, 5.3045386087438254e-06, 5.7907580777198975e-06, 5.502646875343803e-06, 4.100758933618167e-06, 5.861541500603577e-06, 4.308592623861449e-06, 4.3799585970802225e-06, 5.216812644563693e-06, 4.756237776538141e-06, 3.719639985548522e-06, 4.513413191678825e-06, 4.9978507479176156e-06, 4.8227306339924245e-06, 6.859398769812833e-06, 6.66895214571185e-06, 4.600322868645638e-06, 5.344045219144636e-06, 4.37333863821664e-06, 4.550309114293131e-06, 5.011589428064372e-06, 5.001267063176212e-06, 4.8293468795311015e-06, 5.601087325655875e-06, 6.040969650063845e-06, 4.300482805214609e-06, 4.001147335466085e-06, 4.837616261037225e-06, 3.390231897421349e-06, 3.970588150449203e-06, 4.187057241157229e-06, 4.643190897259599e-06, 6.243089695716468e-06, 4.359756856518903e-06, 4.9080520403860464e-06, 4.2198458419975435e-06, 4.244444069573485e-06, 3.3712427695994287e-06, 3.575623969371881e-06, 4.08362044120441e-06, 3.369981884758549e-06, 3.371329346961763e-06, 3.964049518955918e-06, 7.2291344904822645e-06, 5.20524828390874e-06, 3.647111961003967e-06, 2.9963787124237215e-06, 3.4729764477181377e-06, 4.938117342837932e-06, 4.152783392382845e-06, 4.39487172427694e-06], 'latent/mppi_elite_value_std': [None, 0.003932009332697115, 0.009822917271382013, 0.01205049521154585, 0.007270622561719183, 0.013904595140907363, 0.026009747689642093, 0.010990469619015935, 0.009331144883484717, 0.009271938124370565, 0.02821366406975842, 0.01278185710832769, 0.06332811528504544, 0.05048897266294779, 0.028515263762186098, 0.04033673408519211, 0.04661047123664388, 0.04987510165916245, 0.02988441694369378, 0.045920444559361395, 0.0407580440171136, 0.03560792499215078, 0.03713659362611509, 0.04831754026145073, 0.041939335747847056, 0.028894198284120185, 0.05559626497069704, 0.038657034138805786, 0.05552177136367748, 0.045324681231125534, 0.043062419809763636, 0.04034259356322126, 0.03931344345207466, 0.05504331607697474, 0.025368778627210643, 0.04024349579589648, 0.0229041298386429, 0.02100571673786452, 0.041950781963408595, 0.027393032490017972, 0.034041754611957666, 0.036182964584368205, 0.029766474614211624, 0.03519157589120147, 0.024923944172752777, 0.024143684504526884, 0.019467443682593122, 0.019196999204598966, 0.027543887143637154, 0.021787686801296342, 0.027035387135124354, 0.02762309112352072, 0.03279147927287406, 0.027434770305488958, 0.04004588522221263, 0.038362981600684326, 0.03141783455063666, 0.027543364204222587, 0.029749275346010504, 0.062410430542144193, 0.02326145991608052, 0.023554306434243673, 0.03409770753913742, 0.02805318848318684, 0.026372278965604685, 0.03891460776337533, 0.02153568465396977, 0.02085712690508142, 0.029298932317563885, 0.01495058294467362, 0.04622785020270075, 0.024790163110682696, 0.0517969776114125, 0.037714496460654084, 0.032335317161982256, 0.03637678516279323, 0.019640516593629063, 0.022497196881548262, 0.028460134288394372, 0.031787509786842166, 0.03207885229601385, 0.028246009912125516, 0.016625494091725743, 0.019000476339626742, 0.02423763704619441, 0.032964668716630056, 0.027935905751606413, 0.02536069268486558, 0.021878499074098473, 0.023565243193360706, 0.025047462311701133, 0.01720110128648848, 0.014009138171095826, 0.022445075996312593, 0.026952631823698975, 0.021160416231021783, 0.02573246839740781, 0.023954149138774923, 0.02690027292205821, 0.02534807347218735, 0.026478296579068895, 0.022833336392999917, 0.02197243070799797, 0.022845424617315677, 0.023558837348531324, 0.026739123444901505, 0.02460263410040328, 0.02403866446374646, 0.029557360853908997, 0.01678309839505786, 0.01716684388233981, 0.021556871479655845, 0.022306514279003407, 0.025478323745208656, 0.020317861313625202, 0.015244905037573624, 0.02271379247436804, 0.017092978100952016, 0.015493407032183628, 0.016724941362282326, 0.014345694850547774, 0.02025165769136794, 0.019578673119256686, 0.014623483550635679, 0.01839601108277824, 0.018603535412718638, 0.015669269549171368, 0.020206373456127854, 0.015859598403109725, 0.01052392752110678, 0.019842378911448307, 0.016535065920174428, 0.016440078057749004, 0.01986854986617302, 0.015443806030722495, 0.020021836174937212, 0.018369701668310496, 0.016545968220775926, 0.02053883172287813, 0.017199044810571173, 0.015354099689689371, 0.02016448248261188, 0.011708337866133525, 0.018309127353459964, 0.014950515541112187, 0.013095685393086873, 0.015481859229857287, 0.01534707394953028, 0.014204123886403483, 0.01087371895128604, 0.010076898259025725, 0.01585951209616784, 0.015940944016204592, 0.019217527580477255, 0.016352925144509662, 0.01348295056555671, 0.01622046259995959, 0.015019697405976348, 0.014234964367554717, 0.014184501474822385, 0.01493773557324165, 0.012829083348219207, 0.014881225524552124, 0.012345845570346849, 0.0170565480639441, 0.012237572336943779, 0.013486117052967438, 0.011903151780369986, 0.013784967779870292, 0.011634292080402894, 0.008933001637670187, 0.014396304381442135, 0.014674101850035441, 0.013478359349486876, 0.014626249297756166, 0.013895799470597657, 0.015778956351989063, 0.010922288624847716, 0.01236231947111727, 0.010909896074399811, 0.012375864952989434, 0.011151441507475915, 0.011159796375623041, 0.012614070164679072, 0.010951128575432678, 0.012747349688398782, 0.012078121738872747, 0.011391382942751983, 0.011987271478935236, 0.011368203315755315, 0.010682907188152544, 0.013348178504884926, 0.011237279502608069, 0.010940057183571984, 0.010173764595015386, 0.011242867665945427, 0.010342651065964242, 0.011664139743912363, 0.01051468235564321, 0.016651186716862314], 'latent/mppi_plan_std': [None, 0.11365560306441293, 0.15148169095428304, 0.1431500449691531, 0.09260059525036574, 0.09467502316056044, 0.1274477467673218, 0.13354907066381405, 0.12666167541190448, 0.11015796103213103, 0.12762778346886355, 0.10606250240538083, 0.11150828189214464, 0.1386170311922726, 0.1194238465552817, 0.1325473168939112, 0.09431176695897456, 0.10117449249284972, 0.10427937754051692, 0.10882988370104225, 0.10249335086433395, 0.11628685669928893, 0.11435451915433886, 0.13010113445756444, 0.11441544725919181, 0.1047781546574149, 0.09742935136042848, 0.11094332450776934, 0.102967705937347, 0.12392773227750956, 0.11755092254614286, 0.13529233704860827, 0.11112635993864184, 0.13474930022537157, 0.1037688021433956, 0.09741886234642322, 0.116248884068996, 0.10425976718745504, 0.11523051321355185, 0.1110997511012971, 0.11125571843690461, 0.10328791534028281, 0.11380520384229727, 0.13054520482502888, 0.10162203943760707, 0.11227455748647219, 0.08701999703626875, 0.09063924767883066, 0.09920241400650359, 0.10534559877768705, 0.09875806655338425, 0.11074016824299794, 0.12656214613004746, 0.08115719662912854, 0.11842078960365453, 0.09031816782571371, 0.084082026786923, 0.09040709361076066, 0.11284598968466407, 0.13816005196075185, 0.08771621745176082, 0.09071858641683384, 0.12639034819376477, 0.07415082891578757, 0.06628796689404645, 0.14438335705153993, 0.08654806701735773, 0.07463374514907366, 0.11543126700719251, 0.07298755230208362, 0.09616680999998395, 0.07712839444883988, 0.10009418723656086, 0.09963066725001037, 0.09287725776169277, 0.09465679758884055, 0.06413582346709337, 0.06262582262266926, 0.08700513539703977, 0.06937583417767197, 0.08400374201010215, 0.07787830718501408, 0.06674450376691055, 0.06569150355165858, 0.07726415009955483, 0.0829638134053033, 0.10545234852065014, 0.07044124131241747, 0.11006763574358006, 0.06138459801822537, 0.08216570777606784, 0.06352978326085117, 0.05846849333110335, 0.07400080616502698, 0.0634307362413055, 0.09637265421842402, 0.06115571842449831, 0.06081987278068244, 0.07816637098043588, 0.05773085830745579, 0.06361091108939132, 0.06463730798414707, 0.06285959311823341, 0.06568759551156401, 0.0666182508606175, 0.06875069716710236, 0.10078829805126592, 0.06213559876478772, 0.056874062333700785, 0.06805340823022106, 0.09174120938849692, 0.06196772829425953, 0.06803819981012162, 0.057417596254339676, 0.07799028324412692, 0.06280607595392462, 0.06230942482000681, 0.0676439875009113, 0.06474839653007194, 0.06130900748541574, 0.05988963454374392, 0.06389370674710924, 0.061971478954650105, 0.05994333338504531, 0.055759952926605086, 0.06669123982173188, 0.06361809014138352, 0.06202711113008217, 0.06238883860821794, 0.055586576712437066, 0.06632874402331478, 0.06745961017793935, 0.06398372843739306, 0.06110792114557915, 0.059495353174850434, 0.06253208689875289, 0.058275415924005085, 0.058314321081615036, 0.06369976548900093, 0.058504614460275516, 0.05774636818124451, 0.06283411601980099, 0.06239305952027222, 0.05938547895612997, 0.05796401450772952, 0.05883988186074582, 0.0624101127552205, 0.06086099555376166, 0.05946929928971884, 0.0573223074008484, 0.06048844966819489, 0.05937830008828615, 0.06355548202351974, 0.05707305704811785, 0.05831547486340958, 0.05789324457029992, 0.05808568359842208, 0.058621901145209585, 0.060499589244062395, 0.06164723944568559, 0.05991609645850098, 0.05613736424811099, 0.055933580904962754, 0.05572121914696001, 0.0567813056088028, 0.05839809581873825, 0.05658690332001703, 0.05576186087813931, 0.05716512264770912, 0.054557945431295364, 0.053091520789551344, 0.054345351616068405, 0.05701084249879107, 0.05817909710898134, 0.05681330380742553, 0.056732081819254154, 0.05926256236720405, 0.056174167769579286, 0.0565566553583003, 0.054185982827689716, 0.05562982519938326, 0.05589917837305122, 0.05640257000814133, 0.056838232239150535, 0.057226541989827254, 0.053676229823903535, 0.05648038641211707, 0.05865374168334609, 0.05483839516104178, 0.05391063369540437, 0.057374365696276186, 0.05629805707339465, 0.056203988928621024, 0.0550090771774893, 0.057363885954265836, 0.05406538469658542, 0.05406412519810965, 0.05394647558613626, 0.0559621097797848, 0.05553412166443082], 'latent/z_active_frac': [0.09843750000000001, 0.9999879240892321, 0.9999999999999994, 0.9999999999999994, 0.9999999999999994, 0.9999999999999994, 0.9999999999999994, 0.9999999999999994, 0.9999999999999994, 0.9999999999999994, 0.9999999999999994, 0.9999999999999994, 0.9999999999999994, 0.9999999999999994, 0.9999999999999994, 0.9999999999999994, 0.9999999999999994, 0.9999999999999994, 0.9999999999999994, 0.9999999999999994, 0.9999999999999994, 0.9999999999999994, 0.9999999999999994, 0.9999999999999994, 0.9999999999999994, 0.9999999999999994, 0.9999999999999994, 0.9999999999999994, 0.9999999999999994, 0.9999999999999994, 0.9999999999999994, 0.9999999999999994, 0.9999999999999994, 0.9999999999999994, 0.9999999999999994, 0.9999999999999994, 0.9999999999999994, 0.9999999999999994, 0.9999999999999994, 0.9999999999999994, 0.9999999999999994, 0.9999999999999994, 0.9999999999999994, 0.9999999999999994, 0.9999999999999994, 0.9999999999999994, 0.9999999999999994, 0.9999999999999994, 0.9999999999999994, 0.9999999999999994, 0.9999999999999994, 0.9999999999999994, 0.9999999999999994, 0.9999999999999994, 0.9999999999999994, 0.9999999999999994, 0.9999999999999994, 0.9999999999999994, 0.9999999999999994, 0.9999999999999994, 0.9999999999999994, 0.9999999999999994, 0.9999999999999994, 0.9999999999999994, 0.9999999999999994, 0.9999999999999994, 0.9999999999999994, 0.9999999999999994, 0.9999999999999994, 0.9999999999999994, 0.9999999999999994, 0.9999999999999994, 0.9999999999999994, 0.9999999999999994, 0.9999999999999994, 0.9999999999999994, 0.9999999999999994, 0.9999999999999994, 0.9999999999999994, 0.9999999999999994, 0.9999999999999994, 0.9999999999999994, 0.9999999999999994, 0.9999999999999994, 0.9999999999999994, 0.9999999999999994, 0.9999999999999994, 0.9999999999999994, 0.9999999999999994, 0.9999999999999994, 0.9999999999999994, 0.9999999999999994, 0.9999999999999994, 0.9999999999999994, 0.9999999999999994, 0.9999999999999994, 0.9999999999999994, 0.9999999999999994, 0.9999999999999994, 0.9999999999999994, 0.9999999999999994, 0.9999999999999994, 0.9999999999999994, 0.9999999999999994, 0.9999999999999994, 0.9999999999999994, 0.9999999999999994, 0.9999999999999994, 0.9999999999999994, 0.9999999999999994, 0.9999999999999994, 0.9999999999999994, 0.9999999999999994, 0.9999999999999994, 0.9999999999999994, 0.9999999999999994, 0.9999999999999994, 0.9999999999999994, 0.9999999999999994, 0.9999999999999994, 0.9999999999999994, 0.9999999999999994, 0.9999999999999994, 0.9999999999999994, 0.9999999999999994, 0.9999999999999994, 0.9999999999999994, 0.9999999999999994, 0.9999999999999994, 0.9999999999999994, 0.9999999999999994, 0.9999999999999994, 0.9999999999999994, 0.9999999999999994, 0.9999999999999994, 0.9999999999999994, 0.9999999999999994, 0.9999999999999994, 0.9999999999999994, 0.9999999999999994, 0.9999999999999994, 0.9999999999999994, 0.9999999999999994, 0.9999999999999994, 0.9999999999999994, 0.9999999999999994, 0.9999999999999994, 0.9999999999999994, 0.9999999999999994, 0.9999999999999994, 0.9999999999999994, 0.9999999999999994, 0.9999999999999994, 0.9999999999999994, 0.9999999999999994, 0.9999999999999994, 0.9999999999999994, 0.9999999999999994, 0.9999999999999994, 0.9999999999999994, 0.9999999999999994, 0.9999999999999994, 0.9999999999999994, 0.9999999999999994, 0.9999999999999994, 0.9999999999999994, 0.9999999999999994, 0.9999999999999994, 0.9999999999999994, 0.9999999999999994, 0.9999999999999994, 0.9999999999999994, 0.9999999999999994, 0.9999999999999994, 0.9999999999999994, 0.9999999999999994, 0.9999999999999994, 0.9999999999999994, 0.9999999999999994, 0.9999999999999994, 0.9999999999999994, 0.9999999999999994, 0.9999999999999994, 0.9999999999999994, 0.9999999999999994, 0.9999999999999994, 0.9999999999999994, 0.9999999999999994, 0.9999999999999994, 0.9999999999999994, 0.9999999999999994, 0.9999999999999994, 0.9999999999999994, 0.9999999999999994, 0.9999999999999994, 0.9999999999999994, 0.9999999999999994, 0.9999999999999994, 0.9999999999999994, 0.9999999999999994], 'latent/encoder_grad_norm': [0.033031863269219884, 0.07560033416009099, 0.08553705976862125, 0.14424646061939253, 0.12974361057085587, 0.11615705925838624, 0.14683074244731523, 0.1599838749887795, 0.13879071218251005, 0.18838557078012835, 0.16033943301803827, 0.11568825108127018, 0.15377401522565862, 0.168716087596197, 0.16239364743411214, 0.2287020881920749, 0.21270827673807352, 0.17416884701825386, 0.1875719200778718, 0.22262845871673523, 0.20910815925402232, 0.26824708735930347, 0.18439173473434042, 0.2884185723867225, 0.2081584806317298, 0.2540341632099428, 0.23047232768519454, 0.25390219660060764, 0.31374894936426045, 0.2906376853769611, 0.27153789196007927, 0.226178712180238, 0.21023006788523754, 0.21167130903740305, 0.17160029409578753, 0.18722992669753807, 0.18524166471916736, 0.1750249137926187, 0.229880827911755, 0.17413473371384713, 0.1769589712153034, 0.19587557421805202, 0.14960210312268116, 0.18172030377283563, 0.19445546706193292, 0.1453171287509907, 0.13389625017426932, 0.16181235956850948, 0.16544778772997912, 0.1502029772416146, 0.14795277319505876, 0.14411412231956616, 0.15384642285149808, 0.16033848254921476, 0.13387603166315976, 0.1181404207702459, 0.14748363571854595, 0.16060666644268487, 0.12228115515873945, 0.14828183273648954, 0.12549936946366125, 0.14385881056902072, 0.15231313571776509, 0.12121015622232831, 0.13703393176785653, 0.12264077472474325, 0.12200991991338365, 0.12372561386640825, 0.11668630717884784, 0.11277965826736923, 0.1215915971655244, 0.1198484846794515, 0.10521343293463915, 0.1004485226423719, 0.13204713996675949, 0.11370224105353045, 0.12988692249038225, 0.09777461415424629, 0.10391556852929643, 0.13793034784230826, 0.11497254501103527, 0.11802303558088167, 0.10602563778346824, 0.11308254443010458, 0.16428481158785496, 0.09605532030187112, 0.10599934460510207, 0.09485589221353116, 0.09321022916898822, 0.084926904368918, 0.08708932779586404, 0.14631460612247996, 0.0782332707567596, 0.08047678094475569, 0.08781194858374775, 0.09546808178535114, 0.0890932680042625, 0.08853665140380165, 0.09175820267800332, 0.08278612050227452, 0.08689391037316783, 0.07183962328826997, 0.07587074890498602, 0.0704895936139103, 0.06758342864609623, 0.0863960785481247, 0.09407256064922458, 0.09097168372343281, 0.07426718635507852, 0.08017473956611017, 0.06291378280610668, 0.06428461292013396, 0.1000082421141427, 0.08348333734138498, 0.062332131078330105, 0.081032619639096, 0.08458863847007972, 0.08248646043012849, 0.06721227700011845, 0.07568816009745565, 0.09006706002964128, 0.09778507660337206, 0.07771300562541937, 0.10328253780897328, 0.06104177870436985, 0.060151753923915044, 0.061842371339729765, 0.07436289232100601, 0.07400603865698109, 0.05957635628337788, 0.06075062028939517, 0.08626694140639944, 0.07295615333092666, 0.08141345857321722, 0.06489038038346276, 0.06660851219267777, 0.09211433480026054, 0.06097241328539584, 0.058268092920554515, 0.054387169024757424, 0.06713111722735085, 0.05392874175591517, 0.05394147551220439, 0.067930117227333, 0.06694968110535687, 0.05163243784557858, 0.06999760082556741, 0.06564254616417274, 0.0709014514833486, 0.05337157602922687, 0.06033907752362244, 0.061916064310583545, 0.054070008971993065, 0.05264772106271461, 0.06494412822709592, 0.04163782358280002, 0.062240973102438285, 0.062045104815032566, 0.05846786461560882, 0.04291780601977879, 0.04778513623300066, 0.05427353228895107, 0.05893663803145459, 0.05864658932487834, 0.06160746682669018, 0.06860273608457236, 0.06318017012634465, 0.05524617707736709, 0.05872359190621338, 0.05155108922228503, 0.0642972652729671, 0.06845108329712167, 0.057473817082480866, 0.06107673981987212, 0.04649063992616088, 0.05007152154803768, 0.06823754129160722, 0.037646891412026866, 0.04648948457153901, 0.061091867164272784, 0.05164044790923076, 0.0544220220129829, 0.05273086299319002, 0.05836008809822134, 0.07258998578468216, 0.043523035779804, 0.048546892177604634, 0.04512068712098235, 0.07482074865886248, 0.04181196891292249, 0.04631221373696473, 0.05697367327188246, 0.05112126666541348, 0.07611507748948308, 0.04689939857688505, 0.04353439112329743, 0.04002057791357609, 0.05707417763781441, 0.040685986915521666, 0.03724068636305352], 'step': [1000, 2000, 3000, 4000, 5000, 6000, 7000, 8000, 9000, 10000, 11000, 12000, 13000, 14000, 15000, 16000, 17000, 18000, 19000, 20000, 21000, 22000, 23000, 24000, 25000, 26000, 27000, 28000, 29000, 30000, 31000, 32000, 33000, 34000, 35000, 36000, 37000, 38000, 39000, 40000, 41000, 42000, 43000, 44000, 45000, 46000, 47000, 48000, 49000, 50000, 51000, 52000, 53000, 54000, 55000, 56000, 57000, 58000, 59000, 60000, 61000, 62000, 63000, 64000, 65000, 66000, 67000, 68000, 69000, 70000, 71000, 72000, 73000, 74000, 75000, 76000, 77000, 78000, 79000, 80000, 81000, 82000, 83000, 84000, 85000, 86000, 87000, 88000, 89000, 90000, 91000, 92000, 93000, 94000, 95000, 96000, 97000, 98000, 99000, 100000, 101000, 102000, 103000, 104000, 105000, 106000, 107000, 108000, 109000, 110000, 111000, 112000, 113000, 114000, 115000, 116000, 117000, 118000, 119000, 120000, 121000, 122000, 123000, 124000, 125000, 126000, 127000, 128000, 129000, 130000, 131000, 132000, 133000, 134000, 135000, 136000, 137000, 138000, 139000, 140000, 141000, 142000, 143000, 144000, 145000, 146000, 147000, 148000, 149000, 150000, 151000, 152000, 153000, 154000, 155000, 156000, 157000, 158000, 159000, 160000, 161000, 162000, 163000, 164000, 165000, 166000, 167000, 168000, 169000, 170000, 171000, 172000, 173000, 174000, 175000, 176000, 177000, 178000, 179000, 180000, 181000, 182000, 183000, 184000, 185000, 186000, 187000, 188000, 189000, 190000, 191000, 192000, 193000, 194000, 195000, 196000, 197000, 198000, 199000, 200000]}
  implicit_horizon_degradation_ratio: [0.994, 0.999, 0.9935, 0.9782, 0.9976, 0.8963]...

--- cross_agent_cca_timeline ---
  shared_steps: [10000, 20000, 30000, 40000, 50000, 60000]...
  mean_canonical_corr: [0.5013, 0.4982, 0.4983, 0.4917, 0.494, 0.498]...
  top1_canonical_corr: [0.5722, 0.5668, 0.578, 0.5594, 0.5665, 0.5911]...

