Latent Space Analysis Report
==================================================

--- snapshot_geometry ---
  explicit_steps: [10000, 20000, 30000, 40000, 50000, 60000]...
  explicit_participation_ratio: [44.5203, 41.3137, 40.8809, 40.5511, 41.2017, 37.9151]...
  explicit_dims_95pct: [50, 50, 50, 50, 50, 47]...
  explicit_dead_unit_frac: [0.0, 0.0, 0.0, 0.0, 0.0, 0.0469]...
  explicit_median_r2: [-0.0485, 0.1079, 0.3098, 0.334, 0.3866, 0.4208]...
  implicit_steps: [10000, 20000, 30000, 40000, 50000, 60000]...
  implicit_participation_ratio: [12.6415, 12.7844, 13.3624, 13.373, 13.3832, 13.8958]...
  implicit_dims_95pct: [32, 32, 33, 34, 33, 33]...
  implicit_dead_unit_frac: [0.0, 0.0, 0.0, 0.0, 0.0, 0.0]...
  implicit_median_r2: [0.8175, 0.8088, 0.8045, 0.8237, 0.8294, 0.8294]...

--- metrics_timeline ---
  explicit: {'wm/kl_active_vars': [2.8476639500000003, 3.42230938525603, 3.016966800567289, 5.5054347452011765, 7.33563355193013, 7.863212839881193, 7.974653063072414, 7.995303161414762, 7.999032962586419, 7.999820806014926, 7.999966794992793, 7.999993163383475, 7.9999987331611555, 7.999999739169115, 7.99999995166751, 7.999999991043891, 7.999999998156016, 7.999999999658305, 7.9999999999366835, 7.999999999986964, 7.999999999997584, 7.999999999999502, 7.999999999999908, 7.999999999999982, 7.999999999999996, 7.999999999999996, 7.999999999999996, 7.999999999999996, 7.999999999999996, 7.999999999999996, 7.999999999999996, 7.999999999999996, 7.999999999999996, 7.999999999999996, 7.999999999999996, 7.999999999999996, 7.999999999999996, 7.999999999999996, 7.999999999999996, 7.999999999999996, 7.999999999999996, 7.999999999999996, 7.999999999999996, 7.999999999999996, 7.999999999999996, 7.999999999999996, 7.999999999999996, 7.999999999999996, 7.999999999999996, 7.999999999999996, 7.999999999999996, 7.999999999999996, 7.999999999999996, 7.999999999999996, 7.999999999999996, 7.999999999999996, 7.999999999999996, 7.999999999999996, 7.999999999999996, 7.999999999999996, 7.999999999999996, 7.999999999999996, 7.999999999999996, 7.999999999999996, 7.999999999999996, 7.999999999999996, 7.999999999999996, 7.999999999999996, 7.999999999999996, 7.999999999999996, 7.999999999999996, 7.999999999999996, 7.999999999999996, 7.999999999999996, 7.999999999999996, 7.999999999999996, 7.999999999999996, 7.999999999999996, 7.999999999999996, 7.999999999999996, 7.999999999999996, 7.999999999999996, 7.999999999999996, 7.999999999999996, 7.999999999999996, 7.999999999999996, 7.999999999999996, 7.999999999999996, 7.999999999999996, 7.999999999999996, 7.999999999999996, 7.999999999999996, 7.999999999999996, 7.999999999999996, 7.999999999999996, 7.999999999999996, 7.999999999999996, 7.999999999999996, 7.999999999999996, 7.999999999999996, 7.999999999999996, 7.999999999999996, 7.999999999999996, 7.999999999999996, 7.999999999999996, 7.999999999999996, 7.999999999999996, 7.999999999999996, 7.999999999999996, 7.999999999999996, 7.999999999999996, 7.999999999999996, 7.999999999999996, 7.999999999999996, 7.999999999999996, 7.999999999999996, 7.999999999999996, 7.999999999999996, 7.999999999999996, 7.999999999999996, 7.999999999999996, 7.999999999999996, 7.999999999999996, 7.999999999999996, 7.999999999999996, 7.999999999999996, 7.999999999999996, 7.999999999999996, 7.999999999999996, 7.999999999999996, 7.999999999999996, 7.999999999999996, 7.999999999999996, 7.999999999999996, 7.999999999999996, 7.999999999999996, 7.999999999999996, 7.999999999999996, 7.999999999999996, 7.999999999999996, 7.999999999999996, 7.999999999999996, 7.999999999999996, 7.999999999999996, 7.999999999999996, 7.999999999999996, 7.999999999999996, 7.999999999999996, 7.999999999999996, 7.999999999999996, 7.999999999999996, 7.999999999999996, 7.999999999999996, 7.999999999999996, 7.999999999999996, 7.999999999999996, 7.999999999999996, 7.999999999999996, 7.999999999999996, 7.999999999999996, 7.999999999999996, 7.999999999999996, 7.999999999999996, 7.999999999999996, 7.999999999999996, 7.999999999999996, 7.999999999999996, 7.999999999999996, 7.999999999999996, 7.999999999999996, 7.999999999999996, 7.999999999999996, 7.999999999999996, 7.999999999999996, 7.999999999999996, 7.999999999999996, 7.999999999999996, 7.999999999999996, 7.999999999999996, 7.999999999999996, 7.999999999999996, 7.999999999999996, 7.999999999999996, 7.999999999999996, 7.999999999999996, 7.999999999999996, 7.999999999999996, 7.999999999999996, 7.999999999999996, 7.999999999999996, 7.999999999999996, 7.999999999999996, 7.999999999999996, 7.999999999999996, 7.999999999999996, 7.999999999999996, 7.999999999999996, 7.999999999999996, 7.999999999999996, 7.999999999999996], 'wm/kl_min_var': [0.0329366881919986, 0.052492406926676546, 0.06183766752792913, 0.06747293048569387, 0.10883014695637533, 0.1999517123620077, 0.27225328783579233, 0.33247195702919097, 0.37544414466646814, 0.418735785152168, 0.45482344791008594, 0.4837102796126974, 0.5050590208648565, 0.5319225515224596, 0.5525516515069715, 0.5768542582051727, 0.5882060134424653, 0.6013615283966686, 0.6169247693518282, 0.6289216745394915, 0.6379727949334263, 0.6387438093680327, 0.6486353961618119, 0.6547692396934163, 0.6549461008536903, 0.6608156746629482, 0.6647858168525276, 0.6651418414920794, 0.6768594549769298, 0.6743134076718993, 0.6725321130544322, 0.6723853455283458, 0.6725448239142628, 0.6703013905165176, 0.6740238200281359, 0.6694672045402125, 0.6774077353848268, 0.6753925205290806, 0.6745749913864894, 0.6755985067949404, 0.6785127522266667, 0.6748977086212639, 0.6679276940766474, 0.6592310179260114, 0.6607281425319836, 0.6490337617724199, 0.6370476360842036, 0.6356546997324793, 0.6374623936287686, 0.6377767971693835, 0.6223125008302793, 0.6099195144419084, 0.6025268545690451, 0.6017916748193399, 0.5997328647168496, 0.5990020254468553, 0.5936426748456809, 0.5844665828084719, 0.5789820193487721, 0.5628434875279119, 0.5597929086396537, 0.5584327170648861, 0.5606241625073488, 0.5556156660493206, 0.551824061332789, 0.5597561442027402, 0.5613868892609337, 0.5749565793298781, 0.5764198200839319, 0.5753536985976966, 0.5788559125435678, 0.5882458287110363, 0.5868544431268164, 0.5957096091888899, 0.5878055363992897, 0.6038163774218318, 0.6006009853184512, 0.6008701275230972, 0.6076592204175252, 0.6161338932742016, 0.60957316564496, 0.621347415790307, 0.6131628147817118, 0.6176017506471007, 0.6174285585438044, 0.6275756566258147, 0.6277239616685492, 0.627118926294991, 0.624639203937394, 0.6233672286215882, 0.6270001064510189, 0.6218940031970688, 0.6287050277276944, 0.6249968493445788, 0.6223890631491067, 0.6287236645365862, 0.6298535559710445, 0.6240135161663324, 0.6170125350502477, 0.6230723215849414, 0.6266846420093418, 0.6223785799399271, 0.623517198483319, 0.6246792754038036, 0.6220755766533212, 0.6182118215089893, 0.6238801016761343, 0.6242546355545471, 0.6228972083533569, 0.6252212920262856, 0.6150596558768132, 0.6193137327047525, 0.6214918882267806, 0.612126615576105, 0.6180188343790298, 0.6211425530334884, 0.6116612736802447, 0.6181481270749295, 0.6089295852735934, 0.6185922463561508, 0.6142433893012764, 0.6074040059198471, 0.61863232828223, 0.619128991069004, 0.6165587055026116, 0.617915418648646, 0.6182945732393791, 0.6124652930016602, 0.6160319592999206, 0.6235834427379838, 0.6145795400418496, 0.6066413422698773, 0.6135111516671488, 0.6071057085824343, 0.6071162780563097, 0.6094122264622568, 0.6181554934341593, 0.6198109866512529, 0.6149785446476769, 0.6088916062341188, 0.6113550885139181, 0.6076500588262224, 0.6062461978563802, 0.6048965056792446, 0.6079601231479633, 0.6118268807555184, 0.6061040309396342, 0.6128952004393977, 0.6080689066592365, 0.6044089182138606, 0.6043547666646455, 0.6049408471150839, 0.6046932025815072, 0.6037535456544572, 0.6076276542097921, 0.6104897481925788, 0.6092031862254957, 0.6138917000777725, 0.6092646740777368, 0.6010058223103766, 0.6081655638122709, 0.6179927088845069, 0.6033524259657794, 0.6113356526272067, 0.6105314358253866, 0.6083171932288827, 0.6105102708892435, 0.6076993058758237, 0.6125847113823335, 0.6078696995963758, 0.6098151050389756, 0.6061342349787934, 0.6026072108069035, 0.6119296769474839, 0.6108496127719073, 0.6051037426548647, 0.6072917383079546, 0.6012829125974481, 0.6055352101878516, 0.6090560404181768, 0.6048850507523793, 0.6030006680603293, 0.6081332680534594, 0.601631119048214, 0.6041041964725755, 0.601574596954846, 0.6079813421185712, 0.6044921595587297, 0.6063042901364154, 0.600830549199714, 0.6007976859527387, 0.603393621142909, 0.6063539879043729, 0.6010482417815105, 0.6065723224080432, 0.6007653354251834, 0.6055810419369133, 0.6047658086260771, 0.6042111804384482, 0.6002119659222731], 'latent/z_active_frac': [0.5695327900000001, 0.9202335569231275, 0.9852191170585654, 0.9969567472778296, 0.9994360791266039, 0.9998838936929647, 0.9991689600142608, 0.9893193316911192, 0.9840311668994481, 0.9838990801463895, 0.9944519960616804, 0.9985318894262798, 0.9997279561467429, 0.9999439885830735, 0.9999896209713629, 0.9999980767450395, 0.9999996040188588, 0.9999999266238951, 0.9999999864032596, 0.9999999972005518, 0.9999999994812564, 0.9999999998931953, 0.9999999999802088, 0.9999999999963326, 0.999999999999245, 0.9999019338144907, 0.9999818281378406, 0.9999962585747276, 0.9999993067063434, 0.999999857256984, 0.9999999735494309, 0.9999999950986561, 0.9999999989908567, 0.9999999998130037, 0.9999999999653492, 0.9998910375646772, 0.9999798090407521, 0.9999958428605422, 0.9999992296736657, 0.999999857256975, 0.9999999706104769, 0.9997710925924884, 0.9998595168098807, 0.9999710757569461, 0.9999946402793674, 0.9999988964810512, 0.9998193428383881, 0.9999665238632272, 0.9999931075603016, 0.9994584082558804, 0.9998113823895705, 0.9997080393410603, 0.9995952943255175, 0.999635423617632, 0.9998681020360883, 0.9996943079681168, 0.9997525318925643, 0.9995337706772587, 0.999551518371449, 0.9997026295776418, 0.9996960266072404, 0.9994782768430265, 0.9997943612175253, 0.999747939592015, 0.9995519978969427, 0.9995250495035966, 0.9993879083368129, 0.9994914439268698, 0.9994001340384916, 0.9989280700610386, 0.9988785034888461, 0.999159027394257, 0.99873842822437, 0.9980107198621164, 0.9993158380768709, 0.9987232499395151, 0.9990589259670211, 0.9987088004761915, 0.9985599143860189, 0.9990908518763053, 0.9990522028828509, 0.9988767247433111, 0.9992098023699827, 0.998880688685027, 0.9980446709320334, 0.9990006197142439, 0.9981429871247354, 0.9984169026325191, 0.9981134433804966, 0.9974382309940534, 0.9986310569571748, 0.9978561729803819, 0.9976044571989324, 0.9976981494734942, 0.9973563421376042, 0.9969963771466002, 0.9972347302376598, 0.9975879590534035, 0.9962501000780288, 0.9978795122696357, 0.9966237143576837, 0.9974063225074631, 0.9955195693254477, 0.9962296723724793, 0.9959098604117812, 0.9961953152366286, 0.9966126122384843, 0.9969800293801465, 0.9969012670580382, 0.9970661009693099, 0.9962167738166872, 0.9956114265915481, 0.9960789575541875, 0.9961214531483554, 0.9957331111776271, 0.9954095374588471, 0.9937942442167721, 0.9945493299479372, 0.9958316131806774, 0.9953162608636478, 0.9968941628532908, 0.994003488306883, 0.9943332213163081, 0.9948612164776043, 0.9955300430350902, 0.9950171365814451, 0.9945819499917418, 0.9936513535248439, 0.9954670694565255, 0.9949540614755745, 0.9951648757532017, 0.9943106401213806, 0.9940239381032303, 0.996053519868245, 0.9955699729642777, 0.9935939925092097, 0.9933881894818744, 0.9937186425646901, 0.9927380718568233, 0.9933228128728075, 0.9919686043867852, 0.9936959500344325, 0.9962327981693507, 0.9943341234928889, 0.9942849139600185, 0.994334240409896, 0.9932343766492385, 0.9941157431654568, 0.9945095226817753, 0.9931267323495461, 0.993799415367336, 0.9942437894573182, 0.9917205679912428, 0.992675123719651, 0.9930193075685602, 0.9934290927058049, 0.9930134346778776, 0.992842360129095, 0.9935434055054371, 0.993600938468247, 0.9927622018277231, 0.9932894946653759, 0.9912023468275335, 0.9929578241093717, 0.9935437841414156, 0.9924605047092054, 0.9918430882970198, 0.9916998297914573, 0.9927351393299515, 0.9931079223743303, 0.9919417284080928, 0.9914295673209416, 0.9929018187531656, 0.9918382805375995, 0.9913848278670301, 0.9931120981972368, 0.992788744748034, 0.9920213150610643, 0.9922786130291477, 0.9879927749538376, 0.9916986140349049, 0.9901704635836955, 0.9893631472689068, 0.9909584718816156, 0.9923516732805601, 0.9895975198876833, 0.9889621952933574, 0.9924577271373972, 0.9922211544374909, 0.9914471087440656, 0.9915003076854241, 0.9911040752608987, 0.9917418675224352, 0.9908932062468725, 0.990714249401673, 0.9910153151402237, 0.991493478806738, 0.9910755060237927, 0.9901445293049276, 0.9912804914897403], 'latent/encoder_grad_norm': [None, None, None, None, None, None, None, None, None, None, None, None, None, None, None, None, None, None, None, None, None, None, None, None, None, None, None, None, None, None, None, None, None, None, None, None, None, None, None, None, None, None, None, None, None, None, None, None, None, None, None, None, None, None, None, None, None, None, None, None, None, None, None, None, None, None, None, None, None, None, None, None, None, None, None, None, None, None, None, None, None, None, None, None, None, None, None, None, None, None, None, None, None, None, None, None, None, None, None, None, None, None, None, None, None, None, None, None, None, None, None, None, None, None, None, None, None, None, None, None, None, None, None, None, None, None, None, None, None, None, None, None, None, None, None, None, None, None, None, None, None, None, None, None, None, None, None, None, None, None, None, None, None, None, None, None, None, None, None, None, None, None, None, None, None, None, None, None, None, None, None, None, None, None, None, None, None, None, None, None, None, None, None, None, None, None, None, None, None, None, None, None, None, None, None, None, None, None, None, None], 'step': [1000, 2000, 3000, 4000, 5000, 6000, 7000, 8000, 9000, 10000, 11000, 12000, 13000, 14000, 15000, 16000, 17000, 18000, 19000, 20000, 21000, 22000, 23000, 24000, 25000, 26000, 27000, 28000, 29000, 30000, 31000, 32000, 33000, 34000, 35000, 36000, 37000, 38000, 39000, 40000, 41000, 42000, 43000, 44000, 45000, 46000, 47000, 48000, 49000, 50000, 51000, 52000, 53000, 54000, 55000, 56000, 57000, 58000, 59000, 60000, 61000, 62000, 63000, 64000, 65000, 66000, 67000, 68000, 69000, 70000, 71000, 72000, 73000, 74000, 75000, 76000, 77000, 78000, 79000, 80000, 81000, 82000, 83000, 84000, 85000, 86000, 87000, 88000, 89000, 90000, 91000, 92000, 93000, 94000, 95000, 96000, 97000, 98000, 99000, 100000, 101000, 102000, 103000, 104000, 105000, 106000, 107000, 108000, 109000, 110000, 111000, 112000, 113000, 114000, 115000, 116000, 117000, 118000, 119000, 120000, 121000, 122000, 123000, 124000, 125000, 126000, 127000, 128000, 129000, 130000, 131000, 132000, 133000, 134000, 135000, 136000, 137000, 138000, 139000, 140000, 141000, 142000, 143000, 144000, 145000, 146000, 147000, 148000, 149000, 150000, 151000, 152000, 153000, 154000, 155000, 156000, 157000, 158000, 159000, 160000, 161000, 162000, 163000, 164000, 165000, 166000, 167000, 168000, 169000, 170000, 171000, 172000, 173000, 174000, 175000, 176000, 177000, 178000, 179000, 180000, 181000, 182000, 183000, 184000, 185000, 186000, 187000, 188000, 189000, 190000, 191000, 192000, 193000, 194000, 195000, 196000, 197000, 198000, 199000, 200000]}
  implicit: {'latent/consistency_t0': [0.002869263105094433, 0.004278891652616028, 0.003176090309877152, 0.0026717055243102475, 0.0021925027942957744, 0.002103101972986404, 0.0020818401581106792, 0.001928686552255793, 0.0019472821030763056, 0.0018257818692342847, 0.0018886290403224326, 0.0017715383938643559, 0.0017753153682113316, 0.0018365275015530637, 0.0017960923739620315, 0.0017534177895742011, 0.0017329762748452206, 0.0016376683881877071, 0.0016149185829800777, 0.0016485955191326833, 0.0015652559591747802, 0.0015166430560392698, 0.0014602321095706435, 0.0014289229874008317, 0.0014011267202299208, 0.0014559854890586628, 0.0014337065407684863, 0.001408656240378439, 0.0014123329689837527, 0.0013600433859459243, 0.001362464486944632, 0.001352565900322266, 0.0013236975986195242, 0.0012941052628406282, 0.001290084152851641, 0.0012750366287277177, 0.001268657393858495, 0.0012799199677849802, 0.0012386500564438576, 0.0011724176428389143, 0.0012442428535917984, 0.0011886225724842458, 0.001192810442174205, 0.0011558382122753487, 0.0011500132913074583, 0.001157387627287146, 0.0011301469316129667, 0.0011126866097351576, 0.0011643886927151157, 0.0011301176658902793, 0.0011646805718623738, 0.0011255213693132694, 0.0011366394585159874, 0.0010997486964358098, 0.0011166879513509766, 0.001056262036283895, 0.0011595673069548897, 0.0011298499406290775, 0.0010946265290879282, 0.001131015575412757, 0.0010924084094266337, 0.0011410764784000884, 0.001104868906644745, 0.0010885611545359774, 0.001120942328635763, 0.0011091738413674804, 0.0011087909629421632, 0.0011169707190254526, 0.001104132795600899, 0.0010975202431291213, 0.0010916296586486857, 0.001107383929482904, 0.001115808876670516, 0.0010858186257064707, 0.0011035746388738737, 0.0010860983400580605, 0.0011349736118291102, 0.0011177475526453085, 0.0010705403836285027, 0.0010753581041918012, 0.0010417178628315306, 0.0010425843093269942, 0.0010567372159371398, 0.0010466945097953758, 0.0010516367066218868, 0.0010051724022226663, 0.0010393905914594641, 0.001013177517795147, 0.0009853078572078528, 0.0009871813455543227, 0.001029816862206825, 0.0010069134332574181, 0.0010143256753663958, 0.000998540408008319, 0.0009837825837094513, 0.0009487194360654539, 0.0009724975970923789, 0.0009376746734209962, 0.000981050301412455, 0.000965654089351298, 0.0009261999681832761, 0.0009440810180191236, 0.0009027709537815356, 0.0009256276657175311, 0.0009146462010189909, 0.0009103471049209191, 0.0009002969864749094, 0.0008797673161789199, 0.00089284587755481, 0.0008742102400895727, 0.0008565247974989974, 0.0009024008465822275, 0.000877974655173826, 0.0008562919353439871, 0.0008498233291290622, 0.0008720597551478168, 0.0008502981777945489, 0.0008609053329012144, 0.000839598993006889, 0.0008657569612792461, 0.0008708260045543122, 0.0008445947908886775, 0.0008169312338584053, 0.0008091956131386688, 0.0007734833510176125, 0.0007708993343176382, 0.0007931450502533078, 0.0008224698539029757, 0.0008039064520884353, 0.0007715788378744083, 0.0007810827570622113, 0.0007617292611103359, 0.0007765691867538621, 0.0007701847215073821, 0.0007470635297861965, 0.0007768252317903849, 0.0007697563590831844, 0.0007580517873031416, 0.0007659435839285967, 0.0007475090882971731, 0.0007439073921026373, 0.0007394969659792041, 0.0007627694277892915, 0.0007597619200698415, 0.0007479312268233204, 0.000734701313860957, 0.0007435676174703626, 0.0007026658556680873, 0.0007219507680723922, 0.0007212034576899026, 0.0007228701765052113, 0.0007125697606030825, 0.0006879799675109754, 0.0006911489188875342, 0.0006979281926578579, 0.0006820215793159563, 0.0006945609622181876, 0.0007052500473648121, 0.0006913723210783184, 0.0006821930270686484, 0.0006811144738876441, 0.0006923317183997057, 0.0006945623317810007, 0.000687769957181236, 0.0006423639547933611, 0.0006635387284106214, 0.0006559826686267107, 0.0006661999882350772, 0.0006636439968372668, 0.000654405697031246, 0.0006598480600879063, 0.0006688045697180981, 0.0006770303931462534, 0.00066011111235872, 0.0006468103962187381, 0.000632996946047145, 0.0006335002271400982, 0.0006284138295888215, 0.000644120845636278, 0.0006324786204478924, 0.0006580659959052246, 0.0006208429881336807, 0.0006058769091218891, 0.000619130482783822, 0.0006308493716506835, 0.0006262536783413723, 0.0006142436029945077, 0.0006363111766837852, 0.0006048147636175062, 0.0006086757930302996, 0.0006040589618354485, 0.0006141060162410973, 0.0005817406598012449, 0.0005923838300241913, 0.0006015778375367934, 0.0006205633033264272, 0.0005962941077062796, 0.0005888105140443001, 0.0006019780145476493, 0.0005747565666786512], 'latent/consistency_tH': [0.0029569072648882866, 0.004234629248737542, 0.0031205032632473447, 0.0026566814270729917, 0.002149863711247565, 0.00204895782488977, 0.0020518504333570373, 0.0018849344861994193, 0.0018927106006597437, 0.001821075273780554, 0.001831307796591495, 0.0017951908906145453, 0.001761641301726162, 0.0017811013358688223, 0.0017651366965591643, 0.0017144035526078468, 0.0017001000104334394, 0.0016119868259955683, 0.0015712052225027807, 0.001621907136205425, 0.0015634646016263638, 0.0015003492596029054, 0.0014477687428305175, 0.001419292731882626, 0.0013952856061316497, 0.0014642269922310821, 0.0014254118869359504, 0.001380350212112638, 0.001384605179327289, 0.001376752708462021, 0.001330966460006792, 0.0012946618609443958, 0.00131508359746919, 0.0012625778781875344, 0.0012639564669445235, 0.0012826110970350023, 0.0012269903762610274, 0.0012346292647171166, 0.0012448828931247106, 0.001198139036472106, 0.0012423224381319783, 0.0011572226765996375, 0.0011634715553353828, 0.0011254861979946291, 0.0011625446745733843, 0.0011389519468901859, 0.0011452970138272178, 0.0011108834980100369, 0.001142456227568484, 0.0011250029945299507, 0.0011447592710657896, 0.0011191869765402335, 0.0010938689370144836, 0.0010638174763675302, 0.0011016158638427096, 0.0010636701622036724, 0.0011416138623698473, 0.001110743045253791, 0.0011114223470761041, 0.0011194680644945392, 0.0010892022121673146, 0.0010928813138194142, 0.0010968342677206493, 0.0010581947457601979, 0.0010976865583746196, 0.0010956574740015122, 0.0011169699963921595, 0.0010848933776722077, 0.0010700219260459136, 0.0011069052035958449, 0.0010952745686871497, 0.0011023659999769427, 0.0010960399710270396, 0.0010950029661096032, 0.0010833545304818868, 0.0011200469591131253, 0.0010906252682978108, 0.0010867426961271767, 0.0010376249803043084, 0.0010928512057372763, 0.0010422292415856551, 0.001059267793650721, 0.0010660758974731692, 0.0010589848294551521, 0.0010389693329171642, 0.001031424107257842, 0.00101615450041036, 0.0010182905128120424, 0.0010038128001826165, 0.0009707781575690966, 0.001025577443545349, 0.0010313378218676412, 0.0010094125982088645, 0.0009881190845599718, 0.0009729405486546913, 0.000954784270342309, 0.0009688715076177513, 0.0009499966961608992, 0.0009606379782807963, 0.0009468415590955549, 0.0009253644160633937, 0.0009169192757867138, 0.0009229591324453201, 0.00093022233239647, 0.0009260304256254986, 0.0008960782274247019, 0.0009066055463141836, 0.0008580538384496774, 0.0009120650188332999, 0.0008481787905873792, 0.0008633406552356098, 0.0008673419867283774, 0.0008646690742616639, 0.0008294958636835843, 0.0008404907956043785, 0.0008423152558820637, 0.0008472371602698303, 0.0008635184957913839, 0.000836701562529322, 0.0008286954483943105, 0.000843304585735453, 0.0008290594599163243, 0.0008205810417426779, 0.0007996707008151517, 0.0007815514469167912, 0.0007853359256421379, 0.0007867894727133773, 0.0008057559105646157, 0.0007933227926028958, 0.0007886298321641115, 0.0007654680902148444, 0.0007570581048729494, 0.0007564383667741512, 0.00075360769614021, 0.0007524993949961332, 0.0007537764972102277, 0.000760923423693871, 0.0007430076998908103, 0.0007399511136741659, 0.0007327933079626643, 0.0007247330759437735, 0.0007419707576761771, 0.0007331828072922537, 0.0007251839960162978, 0.0007322158262566092, 0.0007316395750898686, 0.0007448279502175869, 0.0007015056863475218, 0.000726158536667029, 0.0007204704776128385, 0.000714154134501198, 0.0007206758149936219, 0.0007070027735061681, 0.0007017002337048751, 0.0006990445725842145, 0.0006837846160781992, 0.0007024474983433642, 0.0006904769703625574, 0.0006910753976688971, 0.0006862767532695819, 0.0006725657685172804, 0.0006859622525482489, 0.0006890373560742666, 0.0006715294824864254, 0.0006574606912888396, 0.0006726928626272314, 0.000653949474708262, 0.0006637014358612013, 0.000660130725765217, 0.000644925072795126, 0.0006522905176192079, 0.0006591615131475321, 0.0006619874402349504, 0.0006357712905886366, 0.000633992105351464, 0.0006521928256938699, 0.0006137440988429747, 0.0006575643303947008, 0.0006231007527623632, 0.0006240996957576504, 0.0006264542408743991, 0.0006262373383933145, 0.0006289112745658722, 0.0006228625467947994, 0.0006211464952109332, 0.0006177957454015745, 0.0006085340531244427, 0.0006203975901770156, 0.0006224399496259572, 0.0006125280569404464, 0.0006043100131108179, 0.0006108899257338902, 0.0005888316100597263, 0.000592958363223932, 0.0005936064139460559, 0.0006014472198930542, 0.0006004046940816187, 0.0005889460534457803, 0.0006006828968345483, 0.000555775418303056], 'latent/mppi_elite_value_std': [None, 0.005077523969368946, 0.007029473257640993, 0.006189793477034147, 0.027255150075773244, 0.01956818330651436, 0.010861005942401164, 0.012688792233773527, 0.014894351952886969, 0.04938464741475863, 0.03802532743398595, 0.03876107677144655, 0.06659618947540484, 0.030692171382876245, 0.035520372510887105, 0.015765407516241524, 0.010492084638135966, 0.03545285181636734, 0.06420531458335912, 0.01754094139154307, 0.009715689183220909, 0.009239436672573396, 0.010365567540562323, 0.06496593312646363, 0.08158358069984138, 0.018228231101794258, 0.018888304834404953, 0.020282396257872426, 0.025244397284281742, 0.015421039308409936, 0.017147158397704032, 0.013360749448869131, 0.048310954638985944, 0.010503198393123882, 0.00825258413230865, 0.010096980122217629, 0.013502386944841249, 0.05446161389615484, 0.02122798483034813, 0.0343216335268971, 0.022664118941018968, 0.0186663331702962, 0.01770730637643136, 0.013168588410019232, 0.04817161845070241, 0.03336663666637139, 0.0285436368481627, 0.017341406290430565, 0.01837476887612145, 0.11972243067441256, 0.01332637071917907, 0.008858048950615541, 0.012633088157865338, 0.018044234873170827, 0.10403872517665425, 0.18215501140545964, 0.13117836474234706, 0.15721551063528416, 0.09751983631697488, 0.1489207368611985, 0.08173417680275301, 0.16141793749897357, 0.09352009325578736, 0.11478072729859666, 0.09324886471091634, 0.1206014029821378, 0.10664844116222431, 0.08802607309545893, 0.12001336414469024, 0.11285930306654486, 0.16344053218497684, 0.13162298061401406, 0.10734408732604574, 0.11743051371156853, 0.10056886917880979, 0.08780875485056394, 0.0920944594402436, 0.15847424407838845, 0.1282767010263562, 0.12152054012947971, 0.056399743436260565, 0.07106352342780622, 0.09626100474518978, 0.03890467964905513, 0.04882005814743033, 0.045144153132878555, 0.04470044279945463, 0.09761392771394037, 0.029748408911243918, 0.05018942370892264, 0.04909927861205603, 0.08863889168903465, 0.10048959593658699, 0.08809050745802446, 0.06461572197627914, 0.09313016564826727, 0.1010924305734621, 0.06983946998766848, 0.1500976513430445, 0.1097107624740711, 0.10333581601281004, 0.0924056960331911, 0.18872125453026906, 0.07931951926223187, 0.0693766168389672, 0.09492309114070957, 0.08025412286296656, 0.06318850309069397, 0.06010544666317791, 0.08865402561634422, 0.07216117402009059, 0.07014759368764543, 0.0633426700470439, 0.08271257749271511, 0.08049241109755344, 0.04365678592659897, 0.052802153124803575, 0.050460213113602354, 0.08868660467894435, 0.09249388777452958, 0.041917024366547255, 0.04826176801891713, 0.04271018618752218, 0.03972373097139772, 0.038527715946161195, 0.042731014494969015, 0.03728382083441595, 0.047598777284061124, 0.056581272379562696, 0.033885072605683214, 0.034760739557436866, 0.1411409084410194, 0.04173222597363016, 0.03263864827216571, 0.028901415409369958, 0.038433327861633934, 0.030397551101195627, 0.028325880502721577, 0.031485623138352736, 0.06563475112682919, 0.0316265098480629, 0.047738061867575204, 0.03255675370388674, 0.035287662802107454, 0.027667637822624967, 0.02690837841445701, 0.026449038273223462, 0.02870160364007951, 0.035020119682604156, 0.06487154140874482, 0.12251487564666319, 0.033658119953410774, 0.042038128758683305, 0.03492653130278699, 0.031053329947979765, 0.021772124231673698, 0.024223496636175696, 0.023633573158488963, 0.0797323371130357, 0.023149346321520742, 0.02373159545175283, 0.02735993357973951, 0.02684755018515172, 0.023154319310305312, 0.02988702698976405, 0.022033755022312102, 0.04687790653525943, 0.03168359551914188, 0.024801103844867792, 0.03215107115047879, 0.026125101227697897, 0.02983684676166931, 0.025912644169182143, 0.023051676182100935, 0.023995253238433677, 0.03120183610945367, 0.025685319155640374, 0.031168717778584584, 0.022858765887140562, 0.022026492418414853, 0.019983044736759794, 0.01936194746412299, 0.023596218230523637, 0.022407112082554678, 0.018053722129128442, 0.022510396343242953, 0.018918309873374072, 0.02716867107905928, 0.02220656060461186, 0.034416017197308864, 0.02357349928657384, 0.022563828751582707, 0.03369082358102984, 0.018583135869149257, 0.026055303598202153, 0.019488122328771187, 0.019909818336028326, 0.021839491082862938, 0.01880081531507195, 0.02008571193980967], 'latent/mppi_plan_std': [None, 0.25422656985415193, 0.23160089593054256, 0.19952053128780933, 0.14494741115069495, 0.14661516133532596, 0.08517015027436275, 0.0953120805422381, 0.0882857165322898, 0.25484546030728417, 0.2186935157358586, 0.23218167369511325, 0.2678825619242957, 0.18839778308724686, 0.1812591768662736, 0.08338299090389721, 0.06387661494670177, 0.10808224415447562, 0.22832603454807465, 0.08480770002528229, 0.05615179141586613, 0.06202223251891019, 0.06102034369730609, 0.19176058880329236, 0.18073689942518525, 0.06614052041174248, 0.05872390411124628, 0.06677374628391342, 0.08851118736729115, 0.07650668542294979, 0.07537187045833038, 0.08693468217549707, 0.0985592068615031, 0.07220654976614296, 0.06914744955228264, 0.08460235193895772, 0.09485306302932418, 0.09308998184703254, 0.09591202716946798, 0.09420703940283533, 0.0759869898716029, 0.06570705316706998, 0.06292220041489154, 0.06489560049286716, 0.11316019981744731, 0.10476374343921216, 0.09866236804484788, 0.08034690642134991, 0.07660241906806518, 0.16559654172944469, 0.07573829325746581, 0.0707625103126859, 0.08243444040930929, 0.0758857302550552, 0.1545764971472517, 0.17876357788589192, 0.16558447127086567, 0.22245864821286793, 0.146162051430693, 0.13819225138399072, 0.14612097699132234, 0.1370410335888669, 0.12749468522538668, 0.13661063334235943, 0.15800889925916692, 0.13815985286192445, 0.18406869990957545, 0.15791807576266384, 0.12415691747050141, 0.16750641999933533, 0.16177457561707662, 0.16363396667960406, 0.1325678028762528, 0.11832468489050597, 0.15175229461351467, 0.1507179621754733, 0.13982013762551895, 0.19159535907803033, 0.1671883945839674, 0.14887801657223448, 0.15215273724159745, 0.13803742295701543, 0.11907868030335267, 0.11390393757348684, 0.13885234360998475, 0.1397125284426411, 0.13815021167769018, 0.16354879239460063, 0.14165355385759326, 0.13299680814913734, 0.11539749972637861, 0.1342878220725477, 0.1633797868274152, 0.16346876449531372, 0.12405548909631442, 0.14947595753631698, 0.17547904731038083, 0.13979217500501945, 0.16323196973712775, 0.12063782970186418, 0.13899131297917436, 0.12528542452564964, 0.16492768029288601, 0.14002218138165223, 0.15468934207766596, 0.15270831839050816, 0.14941852363258717, 0.13750217877888588, 0.13588011817837625, 0.14092566221383895, 0.1323146548710017, 0.14033483564388485, 0.16326407823377068, 0.1421516481043445, 0.15446839660014053, 0.1476193541748178, 0.17721535235512315, 0.11230007549297677, 0.16656873526955623, 0.15184060768126123, 0.14031429038150764, 0.13084632746286398, 0.13643854390992993, 0.14536974378943296, 0.15436760218958645, 0.14471946628612192, 0.13795132157222495, 0.1798479813725947, 0.1366860028441599, 0.15939946978333114, 0.14614215646919598, 0.16446555222511933, 0.16246321524936058, 0.15158309363251618, 0.1679676445690576, 0.14327323462006, 0.1368276584335225, 0.1433067875747149, 0.17808654351258169, 0.1547444173349242, 0.1446362390788179, 0.17318506761771277, 0.17909788975287771, 0.16406600922632053, 0.16941444488645588, 0.1552063320467105, 0.15825678371581867, 0.189516450713616, 0.17745546422867992, 0.1730458769336068, 0.12079967283606181, 0.13649243149148255, 0.14647664541730387, 0.18183687150689937, 0.15454927104522267, 0.14981954768982766, 0.17179501016983392, 0.18807566065397796, 0.15573631794228332, 0.13427248734530495, 0.15173748630781494, 0.16769775241965273, 0.16714756233417666, 0.13191942051183086, 0.15558473248680285, 0.14392082658314592, 0.1785362783199673, 0.166390060091523, 0.17901069016797683, 0.15178464533780991, 0.15720378864206308, 0.17807282596083152, 0.16301245626116667, 0.16423811711850933, 0.17519224152798596, 0.15967850215987694, 0.17897825488227553, 0.20068554678147205, 0.14925449911870606, 0.18785749786642, 0.14480425218748738, 0.15994307364762084, 0.17413329327286947, 0.18963971382218855, 0.14740280422308202, 0.1298963498169553, 0.15307000552072217, 0.1621541259718781, 0.16263676858203238, 0.15951671019450248, 0.14899111905097118, 0.16808213491868626, 0.19336179150461105, 0.17313290614315088, 0.1972184122415055, 0.1622405019585597, 0.16544055697729304, 0.19707095722702012, 0.17335500848969904, 0.16513053455244017], 'latent/z_active_frac': [0.1, 0.9999999999967275, 0.9999999999999994, 0.9999999999999994, 0.9999999999999994, 0.9999999999999994, 0.9999999999999994, 0.9999999999999994, 0.9999999999999994, 0.9999999999999994, 0.9999999999999994, 0.9999999999999994, 0.9999999999999994, 0.9999999999999994, 0.9999999999999994, 0.9999999999999994, 0.9999999999999994, 0.9999999999999994, 0.9999999999999994, 0.9999999999999994, 0.9999999999999994, 0.9999999999999994, 0.9999999999999994, 0.9999999999999994, 0.9999999999999994, 0.9999999999999994, 0.9999999999999994, 0.9999999999999994, 0.9999999999999994, 0.9999999999999994, 0.9999999999999994, 0.9999999999999994, 0.9999999999999994, 0.9999999999999994, 0.9999999999999994, 0.9999999999999994, 0.9999999999999994, 0.9999999999999994, 0.9999999999999994, 0.9999999999999994, 0.9999999999999994, 0.9999999999999994, 0.9999999999999994, 0.9999999999999994, 0.9999999999999994, 0.9999999999999994, 0.9999999999999994, 0.9999999999999994, 0.9999999999999994, 0.9999999999999994, 0.9999999999999994, 0.9999999999999994, 0.9999999999999994, 0.9999999999999994, 0.9999999999999994, 0.9999999999999994, 0.9999999999999994, 0.9999999999999994, 0.9999999999999994, 0.9999999999999994, 0.9999999999999994, 0.9999999999999994, 0.9999999999999994, 0.9999999999999994, 0.9999999999999994, 0.9999999999999994, 0.9999999999999994, 0.9999999999999994, 0.9999999999999994, 0.9999999999999994, 0.9999999999999994, 0.9999999999999994, 0.9999999999999994, 0.9999999999999994, 0.9999999999999994, 0.9999999999999994, 0.9999999999999994, 0.9999999999999994, 0.9999999999999994, 0.9999999999999994, 0.9999999999999994, 0.9999999999999994, 0.9999999999999994, 0.9999999999999994, 0.9999999999999994, 0.9999999999999994, 0.9999999999999994, 0.9999999999999994, 0.9999999999999994, 0.9999999999999994, 0.9999999999999994, 0.9999999999999994, 0.9999999999999994, 0.9999999999999994, 0.9999999999999994, 0.9999999999999994, 0.9999999999999994, 0.9999999999999994, 0.9999999999999994, 0.9999999999999994, 0.9999999999999994, 0.9999999999999994, 0.9999999999999994, 0.9999999999999994, 0.9999999999999994, 0.9999999999999994, 0.9999999999999994, 0.9999999999999994, 0.9999999999999994, 0.9999999999999994, 0.9999999999999994, 0.9999999999999994, 0.9999999999999994, 0.9999999999999994, 0.9999999999999994, 0.9999999999999994, 0.9999999999999994, 0.9999999999999994, 0.9999999999999994, 0.9999999999999994, 0.9999999999999994, 0.9999999999999994, 0.9999999999999994, 0.9999999999999994, 0.9999999999999994, 0.9999999999999994, 0.9999999999999994, 0.9999999999999994, 0.9999999999999994, 0.9999999999999994, 0.9999999999999994, 0.9999999999999994, 0.9999999999999994, 0.9999999999999994, 0.9999999999999994, 0.9999999999999994, 0.9999999999999994, 0.9999999999999994, 0.9999999999999994, 0.9999999999999994, 0.9999999999999994, 0.9999999999999994, 0.9999999999999994, 0.9999999999999994, 0.9999999999999994, 0.9999999999999994, 0.9999999999999994, 0.9999999999999994, 0.9999999999999994, 0.9999999999999994, 0.9999999999999994, 0.9999999999999994, 0.9999999999999994, 0.9999999999999994, 0.9999999999999994, 0.9999999999999994, 0.9999999999999994, 0.9999999999999994, 0.9999999999999994, 0.9999999999999994, 0.9999999999999994, 0.9999999999999994, 0.9999999999999994, 0.9999999999999994, 0.9999999999999994, 0.9999999999999994, 0.9999999999999994, 0.9999999999999994, 0.9999999999999994, 0.9999999999999994, 0.9999999999999994, 0.9999999999999994, 0.9999999999999994, 0.9999999999999994, 0.9999999999999994, 0.9999999999999994, 0.9999999999999994, 0.9999999999999994, 0.9999999999999994, 0.9999999999999994, 0.9999999999999994, 0.9999999999999994, 0.9999999999999994, 0.9999999999999994, 0.9999999999999994, 0.9999999999999994, 0.9999999999999994, 0.9999999999999994, 0.9999999999999994, 0.9999999999999994, 0.9999999999999994, 0.9999999999999994, 0.9999999999999994, 0.9999999999999994, 0.9999999999999994, 0.9999999999999994, 0.9999999999999994, 0.9999999999999994, 0.9999999999999994, 0.9999999999999994], 'latent/encoder_grad_norm': [0.010326909604281747, 0.02314537406236632, 0.02618814565491433, 0.033472271683517046, 0.045321334328903395, 0.04416977174921303, 0.057794691096608335, 0.058235689490906885, 0.07033452034295083, 0.07224351856842014, 0.07414293891292809, 0.08235531649335673, 0.08847677933100864, 0.09021348429580103, 0.09122091651357594, 0.08993353807167577, 0.08706184563684846, 0.08655833642227385, 0.087922499386564, 0.07878907693294415, 0.08909226865421169, 0.07076522434494255, 0.08965604548472841, 0.07393400032595504, 0.0827720567639794, 0.10714382984424867, 0.09174320819513684, 0.09127757230102683, 0.0903782738587443, 0.10527537992527573, 0.08512367362109434, 0.0885187234759086, 0.0947484634433266, 0.09366994962980096, 0.08855954074800113, 0.10512337741100833, 0.08806057350397073, 0.09528676469041245, 0.0887435294140491, 0.09106055248342998, 0.10051857619486604, 0.09118573260403469, 0.08924472615912285, 0.09342635406237275, 0.0863792190224788, 0.10765655603607167, 0.09653477420165495, 0.09847068257490527, 0.09801578100431375, 0.09938336866998364, 0.09365045163021436, 0.09892064534576994, 0.1161774855919992, 0.10210313475063798, 0.10508769797667472, 0.11379493026640146, 0.11146435909661027, 0.10838258787146265, 0.10034022305103761, 0.10124708539851707, 0.11238669909474946, 0.10701323001790221, 0.11031706496203711, 0.10425458747181844, 0.1245031862632973, 0.11259535883093433, 0.12251222722257357, 0.10965858456285085, 0.10978552127543294, 0.11473562878353592, 0.1166064570792004, 0.12488666407860853, 0.13309318204848894, 0.12356284357723485, 0.12698321196597542, 0.14476747464955625, 0.13295388045720977, 0.12699417931396273, 0.1274293275354391, 0.12975527528601571, 0.1477992767024301, 0.13973078453078774, 0.13295699903643027, 0.1237753947495948, 0.12923981450158312, 0.13498908915518756, 0.1425357301142435, 0.13004702370381138, 0.12056405632781018, 0.1279678017986597, 0.1511026492642878, 0.12749767442476412, 0.1340654191678466, 0.12453324180340042, 0.16150414937457377, 0.15654234252737576, 0.13975275175580648, 0.12383997956584344, 0.15071276609440226, 0.16061149831633656, 0.14290668319943003, 0.12844816129694372, 0.12942162361473883, 0.19009531300438381, 0.1392975415554195, 0.1219280850580188, 0.14559525149991379, 0.16597953700557172, 0.14681574303306894, 0.14165669830212888, 0.15632406710373958, 0.1397938786129138, 0.13928967029134862, 0.13504681746467492, 0.13046756312288685, 0.13397076594732113, 0.14602885039253644, 0.12920652218566026, 0.11693982521831646, 0.14007577361992968, 0.13908121946563107, 0.1502125461214424, 0.13376611016768625, 0.12090128273687122, 0.1179345348544242, 0.11597285567679222, 0.12285850180915335, 0.16852825143452468, 0.14041668704272217, 0.1338129200293907, 0.11956262941974341, 0.11417744042269029, 0.15418661106031112, 0.12012184491882083, 0.14078303689071028, 0.12373083375675394, 0.1442075912523074, 0.12382588490740694, 0.1457793588986052, 0.12427905859999923, 0.12219883685288646, 0.12576081564093225, 0.13624603659040155, 0.1363268976628143, 0.16361480034997777, 0.15424482143379864, 0.132356534987611, 0.1465189320502934, 0.1286317437578327, 0.1402085300552073, 0.12958712864077704, 0.12153905497276003, 0.1316864217323844, 0.13681488674146758, 0.1548506915040718, 0.13112576596840048, 0.12859810659257304, 0.14025251686088588, 0.11148972948388071, 0.123623349631899, 0.1307160649549249, 0.1326629093403754, 0.13269466123037044, 0.11274262730390579, 0.13273194114199213, 0.12981680283143163, 0.11271177961968581, 0.11986966093876726, 0.15298855300453457, 0.11246966191000744, 0.12191389316400128, 0.17651081303607474, 0.12087696472822682, 0.11101944489783827, 0.11309519068711815, 0.14277462203799068, 0.10602174633761284, 0.1450937999869561, 0.11848566123942711, 0.11975300579690235, 0.14885476391294458, 0.126054634175054, 0.10924038301325689, 0.11241687968473418, 0.13445771493853786, 0.12037619907580818, 0.1281066942498793, 0.14872693952757812, 0.12279581944755806, 0.1073322583946099, 0.10144496555264484, 0.11037545161994011, 0.11324648700268573, 0.11132144428590361, 0.12073878904486912, 0.12156777800887278, 0.10755192046688669, 0.1172545298879812, 0.11515786418946233, 0.11297178419206749], 'step': [1000, 2000, 3000, 4000, 5000, 6000, 7000, 8000, 9000, 10000, 11000, 12000, 13000, 14000, 15000, 16000, 17000, 18000, 19000, 20000, 21000, 22000, 23000, 24000, 25000, 26000, 27000, 28000, 29000, 30000, 31000, 32000, 33000, 34000, 35000, 36000, 37000, 38000, 39000, 40000, 41000, 42000, 43000, 44000, 45000, 46000, 47000, 48000, 49000, 50000, 51000, 52000, 53000, 54000, 55000, 56000, 57000, 58000, 59000, 60000, 61000, 62000, 63000, 64000, 65000, 66000, 67000, 68000, 69000, 70000, 71000, 72000, 73000, 74000, 75000, 76000, 77000, 78000, 79000, 80000, 81000, 82000, 83000, 84000, 85000, 86000, 87000, 88000, 89000, 90000, 91000, 92000, 93000, 94000, 95000, 96000, 97000, 98000, 99000, 100000, 101000, 102000, 103000, 104000, 105000, 106000, 107000, 108000, 109000, 110000, 111000, 112000, 113000, 114000, 115000, 116000, 117000, 118000, 119000, 120000, 121000, 122000, 123000, 124000, 125000, 126000, 127000, 128000, 129000, 130000, 131000, 132000, 133000, 134000, 135000, 136000, 137000, 138000, 139000, 140000, 141000, 142000, 143000, 144000, 145000, 146000, 147000, 148000, 149000, 150000, 151000, 152000, 153000, 154000, 155000, 156000, 157000, 158000, 159000, 160000, 161000, 162000, 163000, 164000, 165000, 166000, 167000, 168000, 169000, 170000, 171000, 172000, 173000, 174000, 175000, 176000, 177000, 178000, 179000, 180000, 181000, 182000, 183000, 184000, 185000, 186000, 187000, 188000, 189000, 190000, 191000, 192000, 193000, 194000, 195000, 196000, 197000, 198000, 199000, 200000]}
  implicit_horizon_degradation_ratio: [1.0305, 0.9897, 0.9825, 0.9944, 0.9806, 0.9743]...

--- cross_agent_cca_timeline ---
  shared_steps: [10000, 20000, 30000, 40000, 50000, 60000]...
  mean_canonical_corr: [0.4984, 0.5023, 0.4988, 0.5059, 0.5122, 0.5125]...
  top1_canonical_corr: [0.5718, 0.6048, 0.5819, 0.5921, 0.5973, 0.6086]...

