Latent Space Analysis Report
==================================================

--- snapshot_geometry ---
  explicit_steps: [10000, 20000, 30000, 40000, 50000, 60000]...
  explicit_participation_ratio: [44.4065, 40.6474, 40.1864, 39.1854, 39.9628, 39.0191]...
  explicit_dims_95pct: [51, 50, 50, 49, 50, 49]...
  explicit_dead_unit_frac: [0.0, 0.0, 0.0, 0.0156, 0.0, 0.0156]...
  explicit_median_r2: [0.0178, 0.0711, 0.2248, 0.3285, 0.4544, 0.4097]...
  implicit_steps: [10000, 20000, 30000, 40000, 50000, 60000]...
  implicit_participation_ratio: [11.173, 12.276, 12.2001, 12.6425, 12.5839, 13.195]...
  implicit_dims_95pct: [32, 32, 33, 34, 33, 34]...
  implicit_dead_unit_frac: [0.0, 0.0, 0.0, 0.0, 0.0, 0.0]...
  implicit_median_r2: [0.7889, 0.7871, 0.8078, 0.8141, 0.8395, 0.8414]...

--- metrics_timeline ---
  explicit: {'wm/kl_active_vars': [1.57076868, 1.9932747173162477, 2.4673127915411275, 5.925168859675164, 7.615529600851959, 7.920840954262529, 7.985331669011822, 7.997281928654214, 7.999440373213502, 7.999896300026639, 7.999980784185578, 7.999996043634214, 7.999999266877432, 7.9999998490565645, 7.999999972029877, 7.999999994817079, 7.999999998932882, 7.99999999980226, 7.999999999963358, 7.999999999992456, 7.999999999998601, 7.999999999999711, 7.999999999999946, 7.999999999999989, 7.999999999999996, 7.999999999999996, 7.999999999999996, 7.999999999999996, 7.999999999999996, 7.999999999999996, 7.999999999999996, 7.999999999999996, 7.999999999999996, 7.999999999999996, 7.999999999999996, 7.999999999999996, 7.999999999999996, 7.999999999999996, 7.999999999999996, 7.999999999999996, 7.999999999999996, 7.999999999999996, 7.999999999999996, 7.999999999999996, 7.999999999999996, 7.999999999999996, 7.999999999999996, 7.999999999999996, 7.999999999999996, 7.999999999999996, 7.999999999999996, 7.999999999999996, 7.999999999999996, 7.999999999999996, 7.999999999999996, 7.999999999999996, 7.999999999999996, 7.999999999999996, 7.999999999999996, 7.999999999999996, 7.999999999999996, 7.999999999999996, 7.999999999999996, 7.999999999999996, 7.999999999999996, 7.999999999999996, 7.999999999999996, 7.999999999999996, 7.999999999999996, 7.999999999999996, 7.999999999999996, 7.999999999999996, 7.999999999999996, 7.999999999999996, 7.999999999999996, 7.999999999999996, 7.999999999999996, 7.999999999999996, 7.999999999999996, 7.999999999999996, 7.999999999999996, 7.999999999999996, 7.999999999999996, 7.999999999999996, 7.999999999999996, 7.999999999999996, 7.999999999999996, 7.999999999999996, 7.999999999999996, 7.999999999999996, 7.999999999999996, 7.999999999999996, 7.999999999999996, 7.999999999999996, 7.999999999999996, 7.999999999999996, 7.999999999999996, 7.999999999999996, 7.999999999999996, 7.999999999999996, 7.999999999999996, 7.999999999999996, 7.999999999999996, 7.999999999999996, 7.999999999999996, 7.999999999999996, 7.999999999999996, 7.999999999999996, 7.999999999999996, 7.999999999999996, 7.999999999999996, 7.999999999999996, 7.999999999999996, 7.999999999999996, 7.999999999999996, 7.999999999999996, 7.999999999999996, 7.999999999999996, 7.999999999999996, 7.999999999999996, 7.999999999999996, 7.999999999999996, 7.999999999999996, 7.999999999999996, 7.999999999999996, 7.999999999999996, 7.999999999999996, 7.999999999999996, 7.999999999999996, 7.999999999999996, 7.999999999999996, 7.999999999999996, 7.999999999999996, 7.999999999999996, 7.999999999999996, 7.999999999999996, 7.999999999999996, 7.999999999999996, 7.999999999999996, 7.999999999999996, 7.999999999999996, 7.999999999999996, 7.999999999999996, 7.999999999999996, 7.999999999999996, 7.999999999999996, 7.999999999999996, 7.999999999999996, 7.999999999999996, 7.999999999999996, 7.999999999999996, 7.999999999999996, 7.999999999999996, 7.999999999999996, 7.999999999999996, 7.999999999999996, 7.999999999999996, 7.999999999999996, 7.999999999999996, 7.999999999999996, 7.999999999999996, 7.999999999999996, 7.999999999999996, 7.999999999999996, 7.999999999999996, 7.999999999999996, 7.999999999999996, 7.999999999999996, 7.999999999999996, 7.999999999999996, 7.999999999999996, 7.999999999999996, 7.999999999999996, 7.999999999999996, 7.999999999999996, 7.999999999999996, 7.999999999999996, 7.999999999999996, 7.999999999999996, 7.999999999999996, 7.999999999999996, 7.999999999999996, 7.999999999999996, 7.999999999999996, 7.999999999999996, 7.999999999999996, 7.999999999999996, 7.999999999999996, 7.999999999999996, 7.999999999999996, 7.999999999999996, 7.999999999999996, 7.999999999999996, 7.999999999999996, 7.999999999999996, 7.999999999999996, 7.999999999999996, 7.999999999999996, 7.999999999999996, 7.999999999999996], 'wm/kl_min_var': [0.025043754085761274, 0.04744430075222159, 0.05529132323284179, 0.09021091322423412, 0.1602186275435683, 0.20369772919439966, 0.2580070347632488, 0.30513960005174817, 0.35861362122054724, 0.4144861922461829, 0.4627641788549821, 0.49469954139560307, 0.5145670044416255, 0.5358744814711652, 0.5468005248584746, 0.5616608379078675, 0.5820720337810996, 0.594885920791123, 0.6084635780702666, 0.6209404239876581, 0.6398876941844533, 0.6543855636158549, 0.6649329363416595, 0.6715063561133554, 0.6821354168617364, 0.6968547549084619, 0.702681417891191, 0.7063496214644149, 0.7102110422019676, 0.7129361167786409, 0.7132343146172638, 0.7135715222924076, 0.7051733533821227, 0.6979321457119113, 0.6933987350905075, 0.6847376892406549, 0.6827570671699434, 0.6828069726853424, 0.6759634960366034, 0.670966334791401, 0.6684258853208949, 0.6709076093802663, 0.6659350179258915, 0.6615065527677326, 0.6556569984308213, 0.6489958263798881, 0.637244824136012, 0.6247983520533574, 0.6109433731816354, 0.6085845146149619, 0.5980296137858642, 0.5944932842029571, 0.5932845611073623, 0.5923547849378366, 0.5871124894831639, 0.5912528543983078, 0.6005923974574894, 0.6104316995313218, 0.6042360830449617, 0.6042176366623153, 0.6195605282139212, 0.6239753529954577, 0.6228696562511952, 0.6254994459699379, 0.6327826141671941, 0.63827490374371, 0.6283414381979161, 0.6452869729299113, 0.6461195954473423, 0.6490536454510368, 0.6418519609148613, 0.6464899983448117, 0.6455771499418542, 0.6521664691412984, 0.6610692846405987, 0.6574249598196453, 0.6581030960013462, 0.6585014094288058, 0.6576484324113817, 0.6632309042394428, 0.6604116584254554, 0.6587331324721666, 0.6712403476219562, 0.667573680087599, 0.6666511932860297, 0.6713447413974263, 0.6663723884192445, 0.6675249318381118, 0.6744978841257174, 0.6651945139005436, 0.6672870781831465, 0.6710683745817715, 0.6672061254227305, 0.6731212386435179, 0.6725010633302009, 0.6707107638896016, 0.6768572687856057, 0.6728300728951068, 0.6711511031930039, 0.668929148440885, 0.6700057771827637, 0.6773747745364277, 0.6711369248524977, 0.6754467430311719, 0.6717088269040179, 0.6787595115241463, 0.6716208661239871, 0.6722014606386413, 0.6731909825139225, 0.6744104416138307, 0.6725131653351529, 0.6729612636826324, 0.6745813378169759, 0.6742539669665955, 0.6770841441031751, 0.6759089777732843, 0.6745753064178834, 0.6724592398406956, 0.6673424411742411, 0.6643429837338517, 0.6684525886078577, 0.6645388731541079, 0.6653234826413909, 0.6627057653587205, 0.6586182787581706, 0.6666502898462381, 0.6635342053666262, 0.6645834294237722, 0.663280239051185, 0.6634526459014994, 0.6645505165644892, 0.6652449734215644, 0.6677579545828908, 0.6600830648160286, 0.6550932128532588, 0.6599578460831275, 0.6565076542270566, 0.6596383804143483, 0.6572002232084327, 0.6543687185751449, 0.6558366824305377, 0.6557607828841726, 0.6582460127390719, 0.6542037385124791, 0.6561273553756839, 0.6623560779145129, 0.6619055366355443, 0.6530470745661702, 0.6564772573806233, 0.6565786728186186, 0.6558113045508498, 0.6491607879447086, 0.6515692206008563, 0.6452580483554592, 0.651579309302827, 0.649521987460843, 0.6487654016914589, 0.6516414520114416, 0.6564288699660765, 0.6470533288316315, 0.6548741759775841, 0.6493580362428812, 0.6552234471647888, 0.649880977690369, 0.6509400684368178, 0.6531265224523551, 0.6524339194206953, 0.6560157582663084, 0.6487343053319894, 0.6506650880276673, 0.648009076840331, 0.6499596261794954, 0.6499289814030003, 0.6426506562308385, 0.6443039148800433, 0.6500210363767451, 0.6472938777372153, 0.6521069575107763, 0.6523183303099087, 0.6486264058353771, 0.6508655612945468, 0.6470773422342451, 0.6367328954120772, 0.6376364738330206, 0.6469326667009173, 0.6466020875479372, 0.6439858440824895, 0.6476016211158895, 0.6415340803769778, 0.6460409093362496, 0.6482820879499163, 0.6434593890856747, 0.6443378462652747, 0.6421330671703175, 0.6417450594034257, 0.6383079088720605, 0.6437681491719353, 0.6453679403636435, 0.64481771898722, 0.6448834921618423], 'latent/z_active_frac': [0.5695327900000001, 0.9202335569231275, 0.9852191170585654, 0.9969567472778296, 0.9994360791266039, 0.9992901414279882, 0.9997594993452948, 0.9962454522799014, 0.9962128020739575, 0.9987516073556839, 0.9997686703226468, 0.9999523712708426, 0.9999911743003301, 0.9999981828667035, 0.9999996632815317, 0.999999937605388, 0.9999999871535027, 0.9999999976195181, 0.9999999995588918, 0.9999999999091796, 0.9999999999831707, 0.9999999999965349, 0.9999999999993578, 0.9999999999998809, 0.9999999999999754, 0.9999999999999954, 0.9999999999999991, 0.9999999999999994, 0.9999999999999994, 0.9999999999999994, 0.9999999999999994, 0.9999999999999994, 0.9999999999999994, 0.9999999999999994, 0.9999999999999994, 0.9999999999999994, 0.9999999999999994, 0.9998654784837179, 0.9999750728914494, 0.9997675675874248, 0.9999521442274392, 0.9999911322287292, 0.9997705434150448, 0.9999527569239569, 0.9999912457626307, 0.9999981975801574, 0.9999281757588299, 0.9999866908231061, 0.9998991935731325, 0.9999813203655848, 0.9999965386260308, 0.9996837430363434, 0.9999413969461479, 0.9998534126346162, 0.9999728370652512, 0.9999067070865196, 0.999775759784295, 0.9998089794838902, 0.999855641084528, 0.9998357562631837, 0.9997920655084598, 0.99963130857773, 0.9998434211682752, 0.9994954158781566, 0.999807851037084, 0.999964394409245, 0.9991056140197786, 0.999534602785119, 0.9990401227237693, 0.9986836880114591, 0.9989732679190395, 0.9996004155410576, 0.9996171316410718, 0.9993741592210176, 0.9989709288838587, 0.9994158739483529, 0.9991830119048583, 0.9989740431711102, 0.9980656190093862, 0.9983178175479847, 0.998207689388908, 0.9989162319704606, 0.9990032353384024, 0.9979972348070867, 0.9983622100740395, 0.9986519699537852, 0.9992304742985864, 0.9985766200921862, 0.9981172767429205, 0.9984345840378481, 0.9991460959467754, 0.9978871220949105, 0.9975331222104022, 0.9982160604472045, 0.9976785715938132, 0.9981920141949976, 0.9969202144156175, 0.9975213830133034, 0.9971537705502145, 0.9984160084786438, 0.9983584191490749, 0.997486589040094, 0.9971402592672723, 0.9966986028721362, 0.9968848849090299, 0.9958292134699385, 0.9971577440285098, 0.9974953594539487, 0.9968558442694893, 0.9968463435463236, 0.9973737350877508, 0.9968127626061709, 0.9970356887925134, 0.9958934487432461, 0.9962749610989221, 0.9970390369744746, 0.9964806368997744, 0.9973420397924435, 0.9961036004783773, 0.9968971157428341, 0.9953740427791239, 0.9960156998298029, 0.9950978260512752, 0.9958529129521387, 0.9960941692863606, 0.996900784730792, 0.9963970272009361, 0.9966146797469795, 0.9955958963746429, 0.995271681089057, 0.9942774268999075, 0.9945447617834995, 0.9941190477867612, 0.9954688502483895, 0.9951245660903292, 0.9943210518720387, 0.9954620755335943, 0.995240960515988, 0.9949218448578349, 0.996143098473229, 0.9957775684981358, 0.9944669011390687, 0.9938586588512142, 0.9944143216275072, 0.9963889405750681, 0.9934587286875356, 0.994685055594415, 0.9940936155790586, 0.9938420554969433, 0.9937325008536071, 0.9945639668264402, 0.9938636657617111, 0.9947497503038244, 0.9934312290547298, 0.9916579587255593, 0.99340229849796, 0.993165371483032, 0.9935928363160584, 0.9930898567899504, 0.9934338116286099, 0.991909200183426, 0.991140897021493, 0.993031698558206, 0.9911030857582138, 0.9915688635764122, 0.9921201739684928, 0.9918605575333752, 0.9936300464258423, 0.9928545996036207, 0.9930874013853233, 0.9941695504787643, 0.9934207468437821, 0.9914477833923845, 0.992016417877573, 0.9918719985669936, 0.9927399857820248, 0.9918251510282843, 0.9919983897951283, 0.9946769604278454, 0.9929993926357568, 0.9921589390964712, 0.992730486465022, 0.9912597532849514, 0.9911652945941102, 0.991254754887951, 0.9923067084681396, 0.9934190394420235, 0.9931282888112511, 0.9925471797408484, 0.9939470260802334, 0.991781021001226, 0.9907367304657689, 0.9908511502438325, 0.9889189857586895, 0.9928903713427011, 0.991929260222547, 0.9951493181100711, 0.9922654915249395, 0.992284218876262, 0.9894501536213468], 'latent/encoder_grad_norm': [None, None, None, None, None, None, None, None, None, None, None, None, None, None, None, None, None, None, None, None, None, None, None, None, None, None, None, None, None, None, None, None, None, None, None, None, None, None, None, None, None, None, None, None, None, None, None, None, None, None, None, None, None, None, None, None, None, None, None, None, None, None, None, None, None, None, None, None, None, None, None, None, None, None, None, None, None, None, None, None, None, None, None, None, None, None, None, None, None, None, None, None, None, None, None, None, None, None, None, None, None, None, None, None, None, None, None, None, None, None, None, None, None, None, None, None, None, None, None, None, None, None, None, None, None, None, None, None, None, None, None, None, None, None, None, None, None, None, None, None, None, None, None, None, None, None, None, None, None, None, None, None, None, None, None, None, None, None, None, None, None, None, None, None, None, None, None, None, None, None, None, None, None, None, None, None, None, None, None, None, None, None, None, None, None, None, None, None, None, None, None, None, None, None, None, None, None, None, None, None], 'step': [1000, 2000, 3000, 4000, 5000, 6000, 7000, 8000, 9000, 10000, 11000, 12000, 13000, 14000, 15000, 16000, 17000, 18000, 19000, 20000, 21000, 22000, 23000, 24000, 25000, 26000, 27000, 28000, 29000, 30000, 31000, 32000, 33000, 34000, 35000, 36000, 37000, 38000, 39000, 40000, 41000, 42000, 43000, 44000, 45000, 46000, 47000, 48000, 49000, 50000, 51000, 52000, 53000, 54000, 55000, 56000, 57000, 58000, 59000, 60000, 61000, 62000, 63000, 64000, 65000, 66000, 67000, 68000, 69000, 70000, 71000, 72000, 73000, 74000, 75000, 76000, 77000, 78000, 79000, 80000, 81000, 82000, 83000, 84000, 85000, 86000, 87000, 88000, 89000, 90000, 91000, 92000, 93000, 94000, 95000, 96000, 97000, 98000, 99000, 100000, 101000, 102000, 103000, 104000, 105000, 106000, 107000, 108000, 109000, 110000, 111000, 112000, 113000, 114000, 115000, 116000, 117000, 118000, 119000, 120000, 121000, 122000, 123000, 124000, 125000, 126000, 127000, 128000, 129000, 130000, 131000, 132000, 133000, 134000, 135000, 136000, 137000, 138000, 139000, 140000, 141000, 142000, 143000, 144000, 145000, 146000, 147000, 148000, 149000, 150000, 151000, 152000, 153000, 154000, 155000, 156000, 157000, 158000, 159000, 160000, 161000, 162000, 163000, 164000, 165000, 166000, 167000, 168000, 169000, 170000, 171000, 172000, 173000, 174000, 175000, 176000, 177000, 178000, 179000, 180000, 181000, 182000, 183000, 184000, 185000, 186000, 187000, 188000, 189000, 190000, 191000, 192000, 193000, 194000, 195000, 196000, 197000, 198000, 199000, 200000]}
  implicit: {'latent/consistency_t0': [0.002398170717060566, 0.004465390965559266, 0.003263331871183696, 0.0027058223796803246, 0.00207817409698215, 0.0019293478413971049, 0.0020878770136459365, 0.001904713958858804, 0.0018149277094157436, 0.0018307981261340945, 0.0019236037166260821, 0.0018653455936560388, 0.0017370215196733693, 0.0017706577987866361, 0.0017671704350385405, 0.0016859356887861093, 0.0016754216385650523, 0.0016321303213651353, 0.0016377682976891701, 0.0016396050549691774, 0.0015035809051942388, 0.0015030931355481656, 0.0015312674696414618, 0.0015040066828667631, 0.0014345661071048245, 0.0014746341821644548, 0.0014190998431600106, 0.0014514435283389845, 0.0014450077363414792, 0.0014302656452483114, 0.0013804237197316722, 0.0014264785447950174, 0.0014546340542461963, 0.0013973707835505669, 0.0014330912834543583, 0.0013804925841701537, 0.0014358270709486647, 0.001427538328158053, 0.001418011755236519, 0.0014132541851278673, 0.001409224932176776, 0.001398743386735225, 0.001334404314708648, 0.0013525704143676797, 0.0013471930403863418, 0.0013193435289667386, 0.0013526450303588526, 0.0013270548040768093, 0.0013500947988651316, 0.0013444124740112004, 0.0013114338937530404, 0.0013151182489457265, 0.0013072069248050873, 0.0013031845207096887, 0.001312730586481179, 0.0012967607688131762, 0.0012722895755472926, 0.0013008421326993248, 0.0012527886676443716, 0.0012455755837516153, 0.0012222640491877741, 0.0011813002535224079, 0.0011532846095389038, 0.00124451604365511, 0.0012053451392174642, 0.001179156944540704, 0.0011449163520835775, 0.0011761214388682872, 0.0011066162547112117, 0.0011319120711530233, 0.001113595754116879, 0.0010815351502447273, 0.0010902039716181322, 0.0011036030277250402, 0.001076427101569172, 0.0010276476282542, 0.0010486888278307773, 0.0010329026731393564, 0.0010066579455663683, 0.0010142428185377478, 0.000999495817484444, 0.0009616550219679228, 0.0009512908430435758, 0.0009752887847693968, 0.000979588543442257, 0.0009484381572420597, 0.0009518485024405778, 0.0009668744982408354, 0.0009377401159248617, 0.000893079230291809, 0.0009322079599199688, 0.0009180328039516388, 0.0009123169031149035, 0.0009184440968152308, 0.0009227842882108859, 0.0008648587649316973, 0.0008751647697878937, 0.0008592203354733087, 0.0008489319170695101, 0.0008155053427424398, 0.0008486082689440201, 0.0008101410046585178, 0.0007997142226662574, 0.0008045858858744316, 0.0008163658067010394, 0.0008410813368085394, 0.0008076346090322556, 0.0008060145679591922, 0.0007533603511818176, 0.0007774830186612306, 0.0008068903005144318, 0.000786886599389188, 0.0007470348472249847, 0.0007709045257640578, 0.0007621025988941646, 0.0007441784537913348, 0.0007389303089116522, 0.0007533522482367529, 0.0007040334490536755, 0.0007199559173075021, 0.000724960781524984, 0.0007198288924240391, 0.0007288757386048276, 0.0007029386183382918, 0.0007351962560224062, 0.0007159158292103388, 0.000723909338833202, 0.0006944949907012628, 0.0006978149285957285, 0.0006942622256434427, 0.000696360843693773, 0.0006762056462319262, 0.0006674232656113257, 0.0006721723324497025, 0.000684318579092051, 0.0006758238918968683, 0.0006564489543964068, 0.0006666331421344005, 0.0006743606208644853, 0.0006668380421073742, 0.0006500148733976457, 0.0006553413086102942, 0.0006301545218676118, 0.0006712963681708312, 0.000634250791076599, 0.0006411231111104075, 0.0006616220859463679, 0.0006430420734458832, 0.0006340646584381318, 0.0006297057265690089, 0.0006266057882967102, 0.0006180287385352698, 0.0006031033698176085, 0.0006109890192304057, 0.0006120583004287695, 0.0006060596621033625, 0.0005906592352109183, 0.0005854244160015996, 0.0006050439007994166, 0.0006010482868976257, 0.0006095647407514015, 0.0005949842316517797, 0.000596685807973147, 0.0005922156364469792, 0.0005801067494843494, 0.0005847910513545405, 0.0005810934186073318, 0.0005641967767277427, 0.0005643517130836862, 0.000572542362365217, 0.0005497219175857054, 0.0005563863008226167, 0.0005752765117365694, 0.0005613690959949353, 0.0005882242980147542, 0.0005759873647457347, 0.0005716622449978958, 0.0005392633366923144, 0.0005532932737225923, 0.0005400800229787934, 0.000552438926378266, 0.0005521399830798643, 0.000535206791117503, 0.0005287229765117372, 0.0005421896262565372, 0.0005499652635035915, 0.0005520122085183715, 0.0005315370240155965, 0.0005342008576406182, 0.0005051171353814214, 0.0005249311893018201, 0.0005305320424059803, 0.000535640001610383, 0.0005038106537770481, 0.0005005303505704816, 0.0005281513053741742, 0.0005180746855846073, 0.0005083077073463689, 0.0005071554193883973, 0.0005077123384071159], 'latent/consistency_tH': [0.002498132735490799, 0.004383499896375277, 0.003265727578724899, 0.0026924312921190654, 0.002104368262194383, 0.0019029734486945798, 0.0020623170019664653, 0.0018962013296704673, 0.001778315047249656, 0.0018207840090391243, 0.0018796904753979435, 0.0018965473006316903, 0.0017262675386923135, 0.001729340146285216, 0.0017948953359710699, 0.001695452972330676, 0.0016615747639752564, 0.0016625766016227983, 0.0016370833995262525, 0.0016444378580141267, 0.001558182449775881, 0.0014934429921304425, 0.0014773873573472973, 0.0014745669437497195, 0.0014459968361393548, 0.001500937177899445, 0.001392052105121607, 0.0014050700048922125, 0.0014460214098331915, 0.0013996591916421034, 0.0014248874912419713, 0.0013692541334588435, 0.00139678214405336, 0.0013496478399264978, 0.0014225760279559462, 0.0013664048797052532, 0.0013885077389113312, 0.0014277945991351647, 0.0014158885619850942, 0.0014017044444389346, 0.0013818969012847205, 0.0013851537952569092, 0.0013531286674250194, 0.0013515381272211668, 0.0013641565044754814, 0.001345469795072585, 0.001349841423837529, 0.0013154433584105158, 0.001316692091287463, 0.0013439281589147827, 0.0013030354392028188, 0.0013188171464698995, 0.001287840436889184, 0.001312653862193208, 0.001273732616622519, 0.0012647280927775048, 0.0012651886843939016, 0.0012996185533819325, 0.001255850647896693, 0.001235493730690202, 0.0012044372153744238, 0.0011925314868346997, 0.0012082211480704257, 0.0012258996755596873, 0.001135016817158131, 0.0011876721312459276, 0.0011560971475989465, 0.0011411271172487845, 0.0010982973226282436, 0.0011379888509997305, 0.001096453218955076, 0.0011191133152447764, 0.0010845982172624311, 0.0010843472658830795, 0.0010652892124223333, 0.0010269991190278173, 0.001032943847900344, 0.001009088127970669, 0.000992463696801431, 0.0010004250794623344, 0.0009669124009752931, 0.0009773409171236003, 0.0009499387412552523, 0.0009678974515229688, 0.0009629326670484606, 0.0009229792161068837, 0.0009596939888372924, 0.0009293077041758598, 0.0009179603544049416, 0.0009054294161843354, 0.0009052531049036149, 0.0008917333137502318, 0.0008961971250102483, 0.0009123923063931885, 0.0008523253389165623, 0.0008802844864939092, 0.0008645291341532287, 0.0008501178279982822, 0.0008238783865598122, 0.0008144440218003455, 0.0008675385987339165, 0.0008138587813840323, 0.0008144647530267373, 0.000787851762173487, 0.0008218160506525526, 0.0008214031097949192, 0.0007905586991934401, 0.000798691338557614, 0.0007527243569036772, 0.0007768197449058594, 0.0007738176639693725, 0.0007535060729032353, 0.0007686411053847719, 0.0007940342574808663, 0.0007586003670113468, 0.0007577205891685855, 0.0007463672198567779, 0.0007332494075411644, 0.0007224703245359564, 0.0007004788715877369, 0.0007268164559990381, 0.0007034491001263527, 0.0007225167267164025, 0.0007118322685967771, 0.0007020378439126731, 0.0007104549186850376, 0.0007006456922139487, 0.0006851634357741389, 0.0006863935023258392, 0.0006911658544231855, 0.0006839975235013549, 0.0006756222134426893, 0.0006804773258338319, 0.0006638469502054565, 0.0006642668505024864, 0.0006437218727491107, 0.0006660031589467708, 0.0006618014387837376, 0.0006688138548693658, 0.0006582324596608544, 0.0006501576134592402, 0.0006348587695204199, 0.0006279939852934731, 0.000643748963893237, 0.0006249525380702375, 0.0006341992889062918, 0.0006387431946079823, 0.0006518868381316025, 0.0006129677500897727, 0.0006236217607531449, 0.0006228263565107972, 0.0006175932862110629, 0.0005882142177266703, 0.0006092244968216202, 0.0006058220077450279, 0.0006232421899978459, 0.0005813191083311805, 0.0005778757206796871, 0.0006093947781511847, 0.0006035692083048593, 0.0005869473189501898, 0.0005754094509591801, 0.0005856702393135908, 0.0005671423230512528, 0.0005895324584792483, 0.0005740577384030603, 0.0005500786450302185, 0.0005569728741242222, 0.0005408355645871094, 0.0005714048695406678, 0.0005599170924139099, 0.0005473190429539886, 0.0005822103789798556, 0.0005925179282029718, 0.0005737655445473939, 0.0005623231050451607, 0.0005486276672081328, 0.0005457662501919935, 0.0005467169610385234, 0.0005294118199747622, 0.0005563697522767894, 0.0005337487904306857, 0.0005186560311009901, 0.000558282257383332, 0.0005247096729783895, 0.0005323159577959203, 0.0005472320770974681, 0.0005336649850268849, 0.0005304685772281976, 0.000507919637333727, 0.0005200486214706952, 0.0005147010731293062, 0.000518207949967713, 0.000521234707136183, 0.0005148471361284887, 0.0005212913557993459, 0.0005085587441341925, 0.0004892806079746052, 0.0004977864010069668, 0.0005057855050215506], 'latent/mppi_elite_value_std': [None, 0.0026846781994513493, 0.0116150962218269, 0.004433575142622331, 0.006536998690170675, 0.01987115386733567, 0.03707747768998042, 0.013862211243439908, 0.04974590147775721, 0.024445923715958807, 0.021992712842049206, 0.02412496416752099, 0.023765535422062233, 0.03503211825094296, 0.022700690312232524, 0.021015156832287298, 0.023961942202107168, 0.04112441907063666, 0.01998512774777982, 0.013131741275187589, 0.01498803340448657, 0.09257123517092328, 0.015376778068767537, 0.014182104387929197, 0.08754434832036499, 0.13395227615455288, 0.015249980083300318, 0.07924689165686068, 0.021485176798227496, 0.024052552235786125, 0.08178359899236293, 0.06926132498717538, 0.06789385421714766, 0.11045351653635063, 0.03617775957911307, 0.09309790239872147, 0.11720358319358709, 0.07998787180102859, 0.11628835270425579, 0.09668897916069902, 0.0959220076483631, 0.09102154389890534, 0.09568881510056387, 0.11442117870829543, 0.10449311281749028, 0.15109315103519388, 0.11277194707250665, 0.06379979032786702, 0.06782634307400642, 0.10476538516549905, 0.09156352684738453, 0.07237757794392599, 0.0819008986168154, 0.11354484412224748, 0.1508056604351347, 0.12007658741018236, 0.12125196871992668, 0.06293475257084388, 0.045662539273726994, 0.05108245661114411, 0.12995495821627778, 0.04291283283394902, 0.06383749636684125, 0.0424755759130657, 0.03055670418220731, 0.031445551224008425, 0.032695959052562555, 0.06558509055039274, 0.0689347317390521, 0.07131960491601338, 0.06678092005081503, 0.0618569868323591, 0.059528664418606575, 0.07574497097652363, 0.06886243900595165, 0.05699972819134111, 0.057542787950634534, 0.07006047116062186, 0.062459150348205816, 0.06563762190112259, 0.0426391148761725, 0.05067809166038577, 0.05324370973165119, 0.04064724533191049, 0.04014124910715838, 0.05085453341029629, 0.0372986755970386, 0.0430542346191741, 0.060484912055139256, 0.03460995834913508, 0.05744623486226723, 0.042497314035316085, 0.03299598727572753, 0.03760460941999038, 0.023121563918922984, 0.03893008008340578, 0.0303392276301039, 0.02635820136381677, 0.03211798070154078, 0.030171295263538695, 0.03018474339848891, 0.02898522669445929, 0.02126904952317202, 0.03353819592129295, 0.03074429409929532, 0.023137626235981777, 0.03752301878748761, 0.029937069471613818, 0.025417669864638916, 0.02646441486200959, 0.0271101072599181, 0.026826509952355297, 0.026844604226216873, 0.02951612271561298, 0.029787025399755734, 0.032555363997063026, 0.025250997161736573, 0.025786225627856915, 0.02283484694603106, 0.03170290477049075, 0.030913249568139907, 0.019875471179931888, 0.02612637008253182, 0.023614723488809653, 0.019735928316809547, 0.01999638583621338, 0.019464881644612273, 0.018798651135216258, 0.01573778808804796, 0.017595325438190854, 0.02237748728140409, 0.018852803314955147, 0.05151108809901514, 0.03286355321606481, 0.03277286401830818, 0.04492664916860539, 0.020103664037292815, 0.022266792609287264, 0.01694354130544567, 0.017916318193909847, 0.01582933029695038, 0.022144383629551782, 0.024794852831505825, 0.02105128067877355, 0.03085525703407624, 0.014429576108800243, 0.02761674594739248, 0.016804639327120573, 0.015257709698873615, 0.012929586664269601, 0.017287615161592385, 0.015140515298045191, 0.013066794130485532, 0.018021432858842664, 0.017637621257338074, 0.017135883374572048, 0.013309655057388686, 0.016843779861540724, 0.013813844047882546, 0.017804427691276437, 0.012902185590552957, 0.01992220240760912, 0.01437597266480737, 0.01601609716686263, 0.01588561190417744, 0.014487214966510354, 0.016981713530457552, 0.02154147881255813, 0.01533047474892629, 0.01968300371109062, 0.016388952531097276, 0.019202687840569, 0.02115103667745275, 0.01512528060032698, 0.026764681751390705, 0.017690616682384672, 0.022215897535767186, 0.014586895472778706, 0.022145874290208225, 0.016740685941232358, 0.018909732360236964, 0.01620873676205634, 0.01698660738395702, 0.018929895419383405, 0.016846885134458596, 0.016851784901414167, 0.014419382616722983, 0.017957088594038342, 0.021088847093511123, 0.018536875787030224, 0.012186366381222424, 0.016002434779301942, 0.015829765393778693, 0.01379310886027525, 0.017276684917726777, 0.0144967400319534, 0.01770506496920351, 0.01730932411115893, 0.01781423631143045, 0.02715945809862303], 'latent/mppi_plan_std': [None, 0.24543115053304998, 0.24493628465398498, 0.2570052874721033, 0.13464711571005275, 0.1574693469537372, 0.1691042003314718, 0.18158126808492542, 0.1875285754273993, 0.08241908368083184, 0.16670119228785776, 0.14263766215202134, 0.0988598791855043, 0.07695067258814198, 0.15005270441723448, 0.17640189952142138, 0.16517783268350908, 0.24327343925680445, 0.08833229356316369, 0.0713798377631967, 0.08294840699310047, 0.15651144417209661, 0.06912206610211483, 0.07018943311641683, 0.12341963492175914, 0.22699574609910075, 0.07354293999111945, 0.14003691690990186, 0.06748946012598646, 0.06039454904238614, 0.16621745226068413, 0.16569808920055112, 0.09473096067338622, 0.1603240288822291, 0.07153834854015802, 0.12571765897288942, 0.14524146355286566, 0.12351737185351264, 0.17214376198053494, 0.1668859214992368, 0.12868266283733595, 0.10486107956470356, 0.14663541399734695, 0.11685225075679909, 0.14453607546909203, 0.1714441182580502, 0.08391606294863024, 0.11213536958496359, 0.14121811221194708, 0.16831044316350674, 0.1177863416940745, 0.11561402719611838, 0.09891126797564671, 0.13324543953730372, 0.1745929175011087, 0.1285084130575196, 0.10571266443085323, 0.0953411004541852, 0.11539252559024929, 0.1167190581451972, 0.19568432680913767, 0.10627696389363137, 0.14020551248224006, 0.09465908351310952, 0.12037904305261307, 0.12745374059623132, 0.11568073435823793, 0.1395892260306451, 0.14448763801074715, 0.10933796366576559, 0.10614678441358924, 0.09141107706502363, 0.08446780497192663, 0.11785232397574712, 0.11386415138480821, 0.10789740468239745, 0.11285221258370276, 0.11079577440775601, 0.12581400760072475, 0.14274233096270786, 0.10638117241157077, 0.1047435768887854, 0.11029645403592454, 0.11926703268704963, 0.10257949044286595, 0.12626422909532833, 0.11265354077401554, 0.10246574543488794, 0.11650987113988748, 0.11733816379044348, 0.14532798923447945, 0.12252427681446584, 0.1379370878451115, 0.11966599570081804, 0.1184171051096661, 0.11188121397488841, 0.12861817184974142, 0.12657862130575184, 0.11275274114358451, 0.12707240461664593, 0.11159241825703399, 0.13518895450246715, 0.09858952565098433, 0.11305325721267581, 0.1187700954019783, 0.09470854271505788, 0.1361505956731891, 0.12550683609208232, 0.1269335799555348, 0.1137861942306301, 0.12227362384290758, 0.1303855698533029, 0.11844338497826053, 0.12783165090318946, 0.1334274156108086, 0.12876552117247914, 0.1380805967592828, 0.12987318928011693, 0.1439056451080085, 0.11148859932975251, 0.10421630913984839, 0.10478081956777771, 0.1251793621004784, 0.12255851677524292, 0.12635234449080182, 0.13793588183970765, 0.13416201077802253, 0.10858584965536466, 0.10665696411034732, 0.12366089738476628, 0.14506401229709592, 0.12205739323787959, 0.12154753748467745, 0.1540384560905501, 0.16646112915651545, 0.10473533775001716, 0.1502692508817403, 0.1554652070850065, 0.15257295196376106, 0.1321169168611096, 0.1401686644238274, 0.13564053144435767, 0.1442531032957525, 0.11073153890629343, 0.13961997965618306, 0.13497160442533054, 0.12649506063307953, 0.13946167805973725, 0.12859521986591477, 0.11781605993588522, 0.13225973242324573, 0.12727336927861418, 0.11804793728506327, 0.13056076988680107, 0.16762055686050176, 0.12263698566713327, 0.13748365072537994, 0.13689893306311063, 0.15164222892252746, 0.14075560424698363, 0.12852345281876823, 0.1363016572395182, 0.13371699208843937, 0.1526267077723992, 0.14661355156130773, 0.121303126336754, 0.16879605643392523, 0.13871674240834908, 0.14529453338835407, 0.15137686114956295, 0.1386276948804896, 0.15576747254098403, 0.1584612055927186, 0.1418561575958274, 0.1552413953635204, 0.14024910548342792, 0.15313024893722935, 0.1396697810122034, 0.1492030650419058, 0.13936703508828352, 0.14513818399361741, 0.14193313854517475, 0.15362944991669428, 0.13181869807652769, 0.1347513030956083, 0.12519629585074538, 0.14423126014798865, 0.14155110494773493, 0.169496954881548, 0.1433181510376233, 0.14983450281809443, 0.14119365605359854, 0.15085844752738536, 0.14048986300345256, 0.1506912826113684, 0.12902282681273725, 0.15860240038591988, 0.15022528482821812, 0.1623532511315417, 0.17949872254809937], 'latent/z_active_frac': [0.1, 0.9999999999967275, 0.9999999999999994, 0.9999999999999994, 0.9999999999999994, 0.9999999999999994, 0.9999999999999994, 0.9999999999999994, 0.9999999999999994, 0.9999999999999994, 0.9999999999999994, 0.9999999999999994, 0.9999999999999994, 0.9999999999999994, 0.9999999999999994, 0.9999999999999994, 0.9999999999999994, 0.9999999999999994, 0.9999999999999994, 0.9999999999999994, 0.9999999999999994, 0.9999999999999994, 0.9999999999999994, 0.9999999999999994, 0.9999999999999994, 0.9999999999999994, 0.9999999999999994, 0.9999999999999994, 0.9999999999999994, 0.9999999999999994, 0.9999999999999994, 0.9999999999999994, 0.9999999999999994, 0.9999999999999994, 0.9999999999999994, 0.9999999999999994, 0.9999999999999994, 0.9999999999999994, 0.9999999999999994, 0.9999999999999994, 0.9999999999999994, 0.9999999999999994, 0.9999999999999994, 0.9999999999999994, 0.9999999999999994, 0.9999999999999994, 0.9999999999999994, 0.9999999999999994, 0.9999999999999994, 0.9999999999999994, 0.9999999999999994, 0.9999999999999994, 0.9999999999999994, 0.9999999999999994, 0.9999999999999994, 0.9999999999999994, 0.9999999999999994, 0.9999999999999994, 0.9999999999999994, 0.9999999999999994, 0.9999999999999994, 0.9999999999999994, 0.9999999999999994, 0.9999999999999994, 0.9999999999999994, 0.9999999999999994, 0.9999999999999994, 0.9999999999999994, 0.9999999999999994, 0.9999999999999994, 0.9999999999999994, 0.9999999999999994, 0.9999999999999994, 0.9999999999999994, 0.9999999999999994, 0.9999999999999994, 0.9999999999999994, 0.9999999999999994, 0.9999999999999994, 0.9999999999999994, 0.9999999999999994, 0.9999999999999994, 0.9999999999999994, 0.9999999999999994, 0.9999999999999994, 0.9999999999999994, 0.9999999999999994, 0.9999999999999994, 0.9999999999999994, 0.9999999999999994, 0.9999999999999994, 0.9999999999999994, 0.9999999999999994, 0.9999999999999994, 0.9999999999999994, 0.9999999999999994, 0.9999999999999994, 0.9999999999999994, 0.9999999999999994, 0.9999999999999994, 0.9999999999999994, 0.9999999999999994, 0.9999999999999994, 0.9999999999999994, 0.9999999999999994, 0.9999999999999994, 0.9999999999999994, 0.9999999999999994, 0.9999999999999994, 0.9999999999999994, 0.9999999999999994, 0.9999999999999994, 0.9999999999999994, 0.9999999999999994, 0.9999999999999994, 0.9999999999999994, 0.9999999999999994, 0.9999999999999994, 0.9999999999999994, 0.9999999999999994, 0.9999999999999994, 0.9999999999999994, 0.9999999999999994, 0.9999999999999994, 0.9999999999999994, 0.9999999999999994, 0.9999999999999994, 0.9999999999999994, 0.9999999999999994, 0.9999999999999994, 0.9999999999999994, 0.9999999999999994, 0.9999999999999994, 0.9999999999999994, 0.9999999999999994, 0.9999999999999994, 0.9999999999999994, 0.9999999999999994, 0.9999999999999994, 0.9999999999999994, 0.9999999999999994, 0.9999999999999994, 0.9999999999999994, 0.9999999999999994, 0.9999999999999994, 0.9999999999999994, 0.9999999999999994, 0.9999999999999994, 0.9999999999999994, 0.9999999999999994, 0.9999999999999994, 0.9999999999999994, 0.9999999999999994, 0.9999999999999994, 0.9999999999999994, 0.9999999999999994, 0.9999999999999994, 0.9999999999999994, 0.9999999999999994, 0.9999999999999994, 0.9999999999999994, 0.9999999999999994, 0.9999999999999994, 0.9999999999999994, 0.9999999999999994, 0.9999999999999994, 0.9999999999999994, 0.9999999999999994, 0.9999999999999994, 0.9999999999999994, 0.9999999999999994, 0.9999999999999994, 0.9999999999999994, 0.9999999999999994, 0.9999999999999994, 0.9999999999999994, 0.9999999999999994, 0.9999999999999994, 0.9999999999999994, 0.9999999999999994, 0.9999999999999994, 0.9999999999999994, 0.9999999999999994, 0.9999999999999994, 0.9999999999999994, 0.9999999999999994, 0.9999999999999994, 0.9999999999999994, 0.9999999999999994, 0.9999999999999994, 0.9999999999999994, 0.9999999999999994, 0.9999999999999994, 0.9999999999999994, 0.9999999999999994, 0.9999999999999994, 0.9999999999999994, 0.9999999999999994, 0.9999999999999994, 0.9999999999999994], 'latent/encoder_grad_norm': [0.011185988365081168, 0.02148652046827365, 0.03211443953171855, 0.04276254674075024, 0.03845406552448951, 0.03728417475039897, 0.06471071057342934, 0.05621704093609513, 0.06699297115305315, 0.06543402057272282, 0.08596337262194083, 0.08991821310774116, 0.07347943936470935, 0.08684013449454213, 0.08638920746903653, 0.08459959816064273, 0.0877744048042324, 0.10037564743265248, 0.0880651996562856, 0.0844522467317735, 0.08370978969073337, 0.08499625553377085, 0.09430974075875093, 0.0813473559584389, 0.09040627227905658, 0.09831797348245716, 0.10000968234213425, 0.10224896967765462, 0.09410541969571523, 0.10988100206367367, 0.11417142007544775, 0.10876468015246452, 0.11226975169912878, 0.1272928419225932, 0.10646566834812311, 0.10337043483221973, 0.10814684922288509, 0.12244191460910825, 0.11723397611790749, 0.1329843467710524, 0.10904303160275247, 0.14030804432936725, 0.11166551574391105, 0.10847378238927008, 0.14973364426184801, 0.11771866544588733, 0.13224463248306753, 0.1318001337415421, 0.13497200825192854, 0.11908772669890179, 0.13135697427642615, 0.1336070015215316, 0.1271191537293603, 0.1551125452213001, 0.14377144532232147, 0.14561697381729985, 0.1594084457497578, 0.14139182188451715, 0.17214316812700498, 0.15301230396093357, 0.1567036392971415, 0.1312730603493094, 0.14519406405478233, 0.1393060158241265, 0.13289148787895935, 0.1822997200335758, 0.12458168693589647, 0.1388491337420489, 0.13866462230373428, 0.13813311594660757, 0.15165281575097006, 0.13675884287852066, 0.13366600860092653, 0.13613181554497314, 0.1387619209547735, 0.13475532173354593, 0.1351191421901223, 0.12822250291426862, 0.1512387971159796, 0.1456659355641941, 0.16320399738134977, 0.14625582601544004, 0.1426502476438342, 0.13807960627453564, 0.1392974847767517, 0.14570188125941005, 0.13735741551357522, 0.14986353421645404, 0.16181825988133786, 0.13590143891065642, 0.15582187918974166, 0.12365748985744873, 0.1281281918215076, 0.13541836103792698, 0.1255112069131646, 0.13153113472515565, 0.13575212711320794, 0.1346685247732282, 0.14833688268053535, 0.14076960876001005, 0.13499770816566145, 0.13528603660174737, 0.13346855857795478, 0.1430155248340428, 0.12930555593318893, 0.1398588542297945, 0.1181964187385114, 0.1506327189523671, 0.15035439534327044, 0.12508514458113273, 0.12088842822961741, 0.13310753964749839, 0.13700542734192342, 0.13005569050208088, 0.1376106638496335, 0.11795660687267918, 0.12741585260466656, 0.11635847665486929, 0.10990494375293491, 0.10816342591828916, 0.11929195487715935, 0.11661994823786719, 0.12508673062527306, 0.11403813273491983, 0.10654711375367257, 0.1360024952950195, 0.13574712132075287, 0.10062501842478679, 0.1355537393351374, 0.12130887587735137, 0.11129572690807386, 0.10478262883624195, 0.13196742822766752, 0.12748714725351157, 0.1312883106552349, 0.10655216512217545, 0.11022346030698114, 0.13478638648115177, 0.11590392806292392, 0.09407632426575228, 0.11527503450935764, 0.11469647860900069, 0.09882800074647763, 0.12573260123332153, 0.11277867105396963, 0.1076763940841857, 0.11844985082058115, 0.10107132414811332, 0.1063926317844623, 0.1280241232142178, 0.10432681455123474, 0.11583914718984406, 0.10076819971758616, 0.10871579266931158, 0.1102161851404027, 0.11269913526287692, 0.10375820482575569, 0.10816673966255605, 0.09783658645679918, 0.10093473568338647, 0.11623026592060642, 0.08852865274761913, 0.10779874255113085, 0.09694302041186814, 0.09429830481320935, 0.10364598648721418, 0.1129504843969413, 0.1012105926640745, 0.1223335986315809, 0.09934374412404402, 0.10757065813717911, 0.11188349446507874, 0.09965266009319566, 0.10565813764151044, 0.10851441742404001, 0.09885236004878822, 0.09920537338636119, 0.09869361121341459, 0.09276997122372627, 0.10068893332445866, 0.09560288871635571, 0.09767751418129714, 0.09395565759803076, 0.10266706737447577, 0.08232931006646697, 0.10278362245794107, 0.09394424237718145, 0.12780698201779578, 0.10023329074664153, 0.09631720880142917, 0.09249022517205524, 0.08771659812296027, 0.09147532719561796, 0.09874838411932932, 0.08811653296668781, 0.11125257371792119, 0.09119630589787786, 0.0937584335943272, 0.09103596294914842, 0.09572825422895719], 'step': [1000, 2000, 3000, 4000, 5000, 6000, 7000, 8000, 9000, 10000, 11000, 12000, 13000, 14000, 15000, 16000, 17000, 18000, 19000, 20000, 21000, 22000, 23000, 24000, 25000, 26000, 27000, 28000, 29000, 30000, 31000, 32000, 33000, 34000, 35000, 36000, 37000, 38000, 39000, 40000, 41000, 42000, 43000, 44000, 45000, 46000, 47000, 48000, 49000, 50000, 51000, 52000, 53000, 54000, 55000, 56000, 57000, 58000, 59000, 60000, 61000, 62000, 63000, 64000, 65000, 66000, 67000, 68000, 69000, 70000, 71000, 72000, 73000, 74000, 75000, 76000, 77000, 78000, 79000, 80000, 81000, 82000, 83000, 84000, 85000, 86000, 87000, 88000, 89000, 90000, 91000, 92000, 93000, 94000, 95000, 96000, 97000, 98000, 99000, 100000, 101000, 102000, 103000, 104000, 105000, 106000, 107000, 108000, 109000, 110000, 111000, 112000, 113000, 114000, 115000, 116000, 117000, 118000, 119000, 120000, 121000, 122000, 123000, 124000, 125000, 126000, 127000, 128000, 129000, 130000, 131000, 132000, 133000, 134000, 135000, 136000, 137000, 138000, 139000, 140000, 141000, 142000, 143000, 144000, 145000, 146000, 147000, 148000, 149000, 150000, 151000, 152000, 153000, 154000, 155000, 156000, 157000, 158000, 159000, 160000, 161000, 162000, 163000, 164000, 165000, 166000, 167000, 168000, 169000, 170000, 171000, 172000, 173000, 174000, 175000, 176000, 177000, 178000, 179000, 180000, 181000, 182000, 183000, 184000, 185000, 186000, 187000, 188000, 189000, 190000, 191000, 192000, 193000, 194000, 195000, 196000, 197000, 198000, 199000, 200000]}
  implicit_horizon_degradation_ratio: [1.0417, 0.9817, 1.0007, 0.9951, 1.0126, 0.9863]...

--- cross_agent_cca_timeline ---
  shared_steps: [10000, 20000, 30000, 40000, 50000, 60000]...
  mean_canonical_corr: [0.5119, 0.5007, 0.5045, 0.5063, 0.5125, 0.5026]...
  top1_canonical_corr: [0.6084, 0.5622, 0.5886, 0.6038, 0.5763, 0.5917]...

