Latent Space Analysis Report
==================================================

--- snapshot_geometry ---
  explicit_steps: [10000, 20000, 30000, 40000, 50000, 60000]...
  explicit_participation_ratio: [45.7965, 43.8451, 42.9386, 41.3765, 37.9467, 38.041]...
  explicit_dims_95pct: [51, 51, 51, 50, 50, 50]...
  explicit_dead_unit_frac: [0.0, 0.0, 0.0, 0.0, 0.0, 0.0]...
  explicit_median_r2: [0.4949, 0.5487, 0.5691, 0.4627, 0.5164, 0.4019]...
  implicit_steps: [10000, 20000, 30000, 40000, 50000, 60000]...
  implicit_participation_ratio: [8.8557, 9.4773, 9.5433, 10.0877, 9.7386, 10.0767]...
  implicit_dims_95pct: [18, 20, 21, 22, 22, 22]...
  implicit_dead_unit_frac: [0.0, 0.0, 0.0, 0.0, 0.0, 0.0]...
  implicit_median_r2: [0.9756, 0.9716, 0.9565, 0.9535, 0.9557, 0.9568]...

--- metrics_timeline ---
  explicit: {'wm/kl_active_vars': [2.7856833716214044, 4.364882974661774, 3.7752835665476265, 3.1596240112108687, 4.881628454356864, 6.586872362633936, 7.527520194043113, 7.912448538073708, 7.983776537348709, 7.669599025724943, 7.6997888157131396, 7.442836518568314, 7.313523212858186, 7.158096484309994, 7.352402835873022, 7.372223194414852, 7.681108787306315, 7.684816283193462, 7.791670409956012, 7.909277094857029, 7.983188862517878, 7.996884862284806, 7.999358620769187, 7.999881151133659, 7.999977977065123, 7.999995465673006, 7.999999159780054, 6.414892105799964, 4.89972779054562, 3.8619533653969595, 2.663096708224374, 2.1593622530743777, 1.2280238225512723, 1.2264248257958212, 1.037401287458539, 0.732223043807485, 0.4341295187323226, 0.5031734581187588, 1.250335871906302, 1.25620042182537, 1.190706479296943, 2.211716370031233, 1.6635481395437184, 1.7411771044553053, 2.0528658487732945, 1.820519892517771, 1.958227967352764, 2.0290713703216356, 1.5191535913712972, 0.9996265291525006, 1.274303967651248, 0.7141056396454796, 0.5316332675472834, 0.755779716292039, 0.6758195278733937, 0.1481075153719328, 0.33937111108344864, 0.28501760226119016, 0.7043199585357428, 0.2709097359130704, 0.05020012100034404, 0.17999323266964432, 0.06530196409182866, 0.37667521891654376, 0.2555754709842153, 0.2033372849588532, 0.1376788094175075, 0.05122363839137505, 0.12266167311756646, 0.15394945566851964, 0.12257323871294655, 0.33829716859480463, 0.46228931644175886, 0.4115899566273772, 0.07626844991591837, 0.5349428411443925, 0.1801259884522323, 0.13800711720617803, 0.08803845485579893, 0.2789095312738118, 0.5634300023603577, 0.11600524104206485, 0.35885882736635705, 0.4341626308376176, 0.4493217412668135, 0.5978612853947469, 0.4620766189791766, 0.3730874351166311, 0.8075920559478069, 0.8230786275796613, 0.5187693114587878, 0.19681000083221142, 0.6281690083832936, 0.8050943644973187, 0.7331291924734971, 2.040908342169004, 1.603964284129338, 0.9767279603766429, 1.0938950672354066, 0.7030394335571499, 1.1972778198134364, 0.9751425743210415, 0.8401656823959229, 1.529043290056013, 0.5123012614480831, 1.1879730673020628, 0.7877854931567921, 0.8917476575870933, 1.1320311286391522, 0.8269782392558086, 0.889589101901079, 0.9612750358457087, 2.125514877753325, 1.264035825993652, 1.1754663429573904, 0.9974904381890665, 0.7285511010366421, 0.7600420895622855, 0.4001078702695617, 1.4354916526902977, 0.9397771407344481, 2.531803172941278, 0.7074539833806797, 0.41518666477111715, 0.7289689103650262, 0.2276918912701332, 0.9221141409937696, 0.9202229748727679, 1.021518297150835, 1.3474336072583346, 1.4498178402430668, 1.0653960582662274, 0.6392560667450493, 1.2371951209703502, 1.313458348165662, 0.6631780023455733, 1.3736073824274433, 1.6472951209715856, 0.8771409342982996, 1.7522105982313954, 0.916525288747185, 1.0881114786685309, 1.0357446762548266, 0.8147550861423689, 1.1044784867372535, 1.0717306041362902, 1.4950069478954693, 0.988020126283188, 1.0078121740326693, 0.5821513750697462, 0.46282564967356676, 0.5259151646952888, 0.6056157118951871, 0.8691548929677969, 0.9508169424138521, 0.9614471988902439, 0.6459132080058675, 1.000395023724809, 0.8976484638179395, 0.23267877071403534, 1.4884406471944986, 2.0923037756597678, 1.0935163321003447, 0.6828892976733403, 0.7175315942229105, 0.9384592160234101, 0.567298976189697, 1.050164599247549, 0.49075368919142726, 0.6610306702953485, 0.7039756296507548, 0.5371805877773395, 0.8894051919768119, 0.71347441194051, 1.2467996170124076, 0.8922691470143368, 0.29510998151400786, 0.29408714831955, 0.44329748046126416, 0.47918586751587533, 0.6561876674936169, 0.19866792005979206, 0.12699740497199985, 0.669476590131283, 0.9888536700566959, 1.0396456879052118, 1.5340103568553822, 0.8057132988377154, 0.7455703794509383, 0.4630197405432518, 0.8065545430761539, 0.3974561193824935, 0.522865764533059, 0.762982508064657, 0.2677746474017522, 0.44737360412679233, 0.7643985202531617, 0.8184233336838583, 0.47926027533538745, 0.8321835394095816], 'wm/kl_min_var': [0.036201724085487455, 0.05765206460755937, 0.0723778228406251, 0.05680802142006593, 0.0384165348259976, 0.06036664715249483, 0.10533929673893272, 0.14884841361502038, 0.1299109231888686, 0.10795043961481633, 0.10232162452212486, 0.09997114357992527, 0.09492099752211021, 0.09234566780531094, 0.09887287793100524, 0.09921826713619569, 0.10299993139404849, 0.10338967515853367, 0.10639148551767502, 0.10968214463884446, 0.11606938857598793, 0.11506118967070036, 0.12002682977557186, 0.12564401856454094, 0.125158272609106, 0.12474303018978755, 0.11856109021890995, 0.0964087015753165, 0.08488128128742863, 0.07641000146324847, 0.07264377996696082, 0.07009242322519964, 0.0658966953134144, 0.06732147618761972, 0.06772220346959437, 0.06669159233180866, 0.0652615234999706, 0.06634908123384606, 0.06713741654257248, 0.06913223603553796, 0.06858165166511836, 0.06818907423955607, 0.0717062372224912, 0.0733947049226377, 0.07185648761147434, 0.07362925061694855, 0.07414502324955653, 0.07908998602697526, 0.0771463420320879, 0.0756293571110208, 0.07389722991627232, 0.0726359466004087, 0.07286700494145149, 0.07481014257797249, 0.07220058554742351, 0.07366208866389858, 0.07482814997045875, 0.0734291015324916, 0.0750154609072453, 0.07146041414465593, 0.07014115482329188, 0.07365579866738846, 0.07143483032865576, 0.07418679231562422, 0.07183310820806778, 0.07123241828998651, 0.07118566245691219, 0.06954070831187627, 0.07287145175503933, 0.07325407023659, 0.07232403582933924, 0.07404703029094922, 0.0749942583788423, 0.07574875768779633, 0.07522984765675848, 0.07151137015084212, 0.07556366751766365, 0.07133162368937752, 0.07269350374767251, 0.07506456538032276, 0.07536475669572995, 0.07538063103358236, 0.07567971477580523, 0.07384957474993006, 0.07697275429603692, 0.07841217766339954, 0.07644870011791062, 0.0747031610507629, 0.0763727609427502, 0.07792305335849647, 0.07521513143965432, 0.07453650001444691, 0.07528387246123346, 0.07583680157454357, 0.07735549048459002, 0.07595072443514005, 0.07412276738949783, 0.07608863961459993, 0.07443166418045967, 0.07557178522558365, 0.07917885816168639, 0.07779893186038987, 0.07873188724358102, 0.0797136872602473, 0.07627366421962482, 0.07800815779326123, 0.07788112038979407, 0.07827851066068342, 0.0760173874302135, 0.07305678961842271, 0.07567985720938092, 0.07559221123719155, 0.0776515864801533, 0.0743930507062333, 0.07623512026709071, 0.07757009964459079, 0.07354960219519832, 0.07634625147979018, 0.07325218396079217, 0.0772172219271398, 0.07636523776951933, 0.0776521935380965, 0.07324520352272404, 0.07180093776635052, 0.07418983515072122, 0.07067551807554535, 0.0749334194757927, 0.07568830782962534, 0.07461355562201723, 0.07779910207467916, 0.07894212022516059, 0.07627339243608033, 0.07472461652400532, 0.07917715119462562, 0.07674675206503757, 0.07511362198868862, 0.0782884087880649, 0.08149845883435423, 0.07890156091048152, 0.07895633064154498, 0.07752558342055796, 0.07825198087919061, 0.07484734251306817, 0.07463173550223592, 0.07513872868842073, 0.07175803587275664, 0.07636212248201212, 0.07105722177287542, 0.07621262046832238, 0.0722297083423815, 0.07488032892233056, 0.07283170244058357, 0.07318017223953344, 0.07623992254345115, 0.0750016922397591, 0.07581442882167945, 0.07447857334887449, 0.0744095186510375, 0.07133479559320977, 0.0679258879393156, 0.07663809171475192, 0.07441890595548958, 0.07232954222367592, 0.06730661032827986, 0.07411904996352621, 0.07202473383725308, 0.07072636841731013, 0.07468724438565269, 0.07192473464649639, 0.07223964611158075, 0.07471723252802664, 0.07115444869594764, 0.073213478807852, 0.07294133731208385, 0.07368817360168174, 0.07382678984256026, 0.07149678993384355, 0.07223129465818051, 0.07381911812941837, 0.07401876116283192, 0.0734758264623196, 0.0721352376683554, 0.07247886090877839, 0.0749301914529754, 0.07340793225906232, 0.07289749617407909, 0.07424539197689714, 0.0740799851558789, 0.07305893872126623, 0.07174966173188467, 0.07332944227363636, 0.07060911946456423, 0.07276748237774389, 0.07674542141316762, 0.07271516144841828, 0.07092918827396373, 0.07237265374767128, 0.07353620343937972, 0.07075519957694672, 0.07355557522634862], 'latent/z_active_frac': [0.7941088679053511, 0.9576088417247838, 0.992144832788721, 0.998382690730077, 0.9997003093271215, 0.9999444667132745, 0.999988566188727, 0.9999978812916875, 0.9999996073990722, 0.9999999191669505, 0.9999999850214727, 0.999999996916054, 0.9999999994285386, 0.9999999998941071, 0.9999999999781978, 0.9999999999959599, 0.9999999999992513, 0.9999999999998457, 0.9999999999999714, 0.9999999999999941, 0.9999999999999988, 0.9999999999999994, 0.9999999999999994, 0.9999999999999994, 0.9999999999999994, 0.9999999999999994, 0.9999999999999994, 0.9999999999999994, 0.9999999999999994, 0.9999999999999994, 0.9999999999999994, 0.9999999999999994, 0.9999999999999994, 0.9999999999999994, 0.9999999999999994, 0.9999999999999994, 0.9999999999999994, 0.9999999999999994, 0.9999999999999994, 0.9999999999999994, 0.9999999999999994, 0.9999999999999994, 0.9999999999999994, 0.9999999999999994, 0.9999999999999994, 0.9999999999999994, 0.9999999999999994, 0.9999999999999994, 0.9999999999999994, 0.9999999999999994, 0.9999999999999994, 0.9999999999999994, 0.9999999999999994, 0.9999999999999994, 0.9999999999999994, 0.9999999999999994, 0.9999999999999994, 0.9999999999999994, 0.9999999999999994, 0.9999999999999994, 0.9999999999999994, 0.9999999999999994, 0.9999999999999994, 0.9999999999999994, 0.9999999999999994, 0.9999999999999994, 0.9999999999999994, 0.9999999999999994, 0.9999999999999994, 0.9999999999999994, 0.9999999999999994, 0.9999999999999994, 0.9999999999999994, 0.9999999999999994, 0.9999999999999994, 0.9999999999999994, 0.9999999999999994, 0.9999999999999994, 0.9999999999999994, 0.9999999999999994, 0.9999999999999994, 0.9999999999999994, 0.9999999999999994, 0.9999999999999994, 0.9999999999999994, 0.9999999999999994, 0.9999999999999994, 0.9999999999999994, 0.9999999999999994, 0.9999999999999994, 0.9999999999999994, 0.9999999999999994, 0.9999999999999994, 0.9999999999999994, 0.9999999999999994, 0.9999999999999994, 0.9999999999999994, 0.9999999999999994, 0.9999999999999994, 0.9999999999999994, 0.9999999999999994, 0.9999999999999994, 0.9999999999999994, 0.9999999999999994, 0.9999999999999994, 0.9999999999999994, 0.9999999999999994, 0.9999999999999994, 0.9999999999999994, 0.9999999999999994, 0.9999999999999994, 0.9999999999999994, 0.9999999999999994, 0.9999999999999994, 0.9999999999999994, 0.9999999999999994, 0.9999999999999994, 0.9999999999999994, 0.9999999999999994, 0.9999999999999994, 0.9999999999999994, 0.9999999999999994, 0.9999999999999994, 0.9999999999999994, 0.9999999999999994, 0.9999999999999994, 0.9999999999999994, 0.9999999999999994, 0.9999999999999994, 0.9999999999999994, 0.9996874988079065, 0.999935658775779, 0.9999880774412542, 0.9999977907257941, 0.9999995451300326, 0.9999999157116767, 0.9999999843812034, 0.9999999967842282, 0.999999999404111, 0.9999999998773116, 0.9999999999772656, 0.9999999999957873, 0.9999999999991326, 0.9999999999998394, 0.9999999999999701, 0.9999999999999938, 0.9999999999999988, 0.9998505316485754, 0.9999008129635872, 0.9999816204419054, 0.9997149647390929, 0.9999471823907004, 0.999990212790364, 0.9997701715312922, 0.9999574123207511, 0.9999912315745061, 0.9998773058283998, 0.9997317549661205, 0.9999447707262958, 0.9998552443877992, 0.9999731764928143, 0.9999944772777388, 0.9999989766284151, 0.9999997892968657, 0.9998338850102567, 0.9999692185570335, 0.99999366237386, 0.9995758708148579, 0.9996463696315095, 0.9999271906430884, 0.9997333823135753, 0.9996055522342915, 0.9999269080326695, 0.9998099384606355, 0.9996673767573855, 0.9999383642416153, 0.9998040499406168, 0.9996471544283467, 0.9999346170032178, 0.9999865382207728, 0.9999975055051312, 0.9999995377650647, 0.9999018386445563, 0.9998323421512353, 0.9999689326621419, 0.9998275275646102, 0.9997691777690173, 0.9999524757495504, 0.9997380676948505, 0.9999514634150445, 0.9999900067475755, 0.9999981482301504, 0.9999996568633084, 0.999999929351198, 0.9999356456844133, 0.9998372816656843, 0.9999055067399206, 0.9999824902081361, 0.9999963948891303, 0.9997715185966418], 'latent/encoder_grad_norm': [None, None, None, None, None, None, None, None, None, None, None, None, None, None, None, None, None, None, None, None, None, None, None, None, None, None, None, None, None, None, None, None, None, None, None, None, None, None, None, None, None, None, None, None, None, None, None, None, None, None, None, None, None, None, None, None, None, None, None, None, None, None, None, None, None, None, None, None, None, None, None, None, None, None, None, None, None, None, None, None, None, None, None, None, None, None, None, None, None, None, None, None, None, None, None, None, None, None, None, None, None, None, None, None, None, None, None, None, None, None, None, None, None, None, None, None, None, None, None, None, None, None, None, None, None, None, None, None, None, None, None, None, None, None, None, None, None, None, None, None, None, None, None, None, None, None, None, None, None, None, None, None, None, None, None, None, None, None, None, None, None, None, None, None, None, None, None, None, None, None, None, None, None, None, None, None, None, None, None, None, None, None, None, None, None, None, None, None, None, None, None, None, None, None, None, None, None, None, None, None], 'step': [1000, 2000, 3000, 4000, 5000, 6000, 7000, 8000, 9000, 10000, 11000, 12000, 13000, 14000, 15000, 16000, 17000, 18000, 19000, 20000, 21000, 22000, 23000, 24000, 25000, 26000, 27000, 28000, 29000, 30000, 31000, 32000, 33000, 34000, 35000, 36000, 37000, 38000, 39000, 40000, 41000, 42000, 43000, 44000, 45000, 46000, 47000, 48000, 49000, 50000, 51000, 52000, 53000, 54000, 55000, 56000, 57000, 58000, 59000, 60000, 61000, 62000, 63000, 64000, 65000, 66000, 67000, 68000, 69000, 70000, 71000, 72000, 73000, 74000, 75000, 76000, 77000, 78000, 79000, 80000, 81000, 82000, 83000, 84000, 85000, 86000, 87000, 88000, 89000, 90000, 91000, 92000, 93000, 94000, 95000, 96000, 97000, 98000, 99000, 100000, 101000, 102000, 103000, 104000, 105000, 106000, 107000, 108000, 109000, 110000, 111000, 112000, 113000, 114000, 115000, 116000, 117000, 118000, 119000, 120000, 121000, 122000, 123000, 124000, 125000, 126000, 127000, 128000, 129000, 130000, 131000, 132000, 133000, 134000, 135000, 136000, 137000, 138000, 139000, 140000, 141000, 142000, 143000, 144000, 145000, 146000, 147000, 148000, 149000, 150000, 151000, 152000, 153000, 154000, 155000, 156000, 157000, 158000, 159000, 160000, 161000, 162000, 163000, 164000, 165000, 166000, 167000, 168000, 169000, 170000, 171000, 172000, 173000, 174000, 175000, 176000, 177000, 178000, 179000, 180000, 181000, 182000, 183000, 184000, 185000, 186000, 187000, 188000, 189000, 190000, 191000, 192000, 193000, 194000, 195000, 196000, 197000, 198000, 199000, 200000]}
  implicit: {'latent/consistency_t0': [0.0027549140155315403, 0.0007175602704447062, 0.0003214992212082937, 0.00027422078951624604, 0.00022332252231144206, 0.0002217091796461459, 0.00021181111939891391, 0.0001826765625622755, 0.00021147703290235015, 0.00022681765421357365, 0.00020283793699738705, 0.0001927486583279338, 0.00017171857300785803, 0.00022210030812232258, 0.00015181334191122976, 0.00013801370495003157, 0.00015804445511087664, 0.00015875089701215738, 0.0001749976880405654, 0.00015889140626492126, 0.00015379087995222304, 0.00016219342943538996, 0.00018241197407042686, 0.00017001664485526404, 0.00017241306081948227, 0.00016861833019533832, 0.0001400118221211214, 0.0001474433385414644, 0.00014423450214601122, 0.00016401697902408764, 0.00015719486064215532, 0.00015904528530339318, 0.0001438706745050489, 0.00013410357413679353, 0.00012842982522849586, 0.0001619630850824603, 0.00015783194742356746, 0.00012827442606761196, 0.00015596679824928208, 0.0001381750236223937, 0.00014765603378260006, 0.00016214344578647117, 0.0001537508883612981, 0.00013234324287055154, 0.00017794210560782012, 0.0001378532966773494, 0.00015448340391743348, 0.00013341489678674365, 0.00013202702965459142, 0.00015871924565006077, 0.00016323065835157057, 0.00013774695753765854, 0.0001734864910497393, 0.00015793250613537613, 0.0001315796063227817, 0.00013956419345429738, 0.00013357841027517595, 0.00017762426986857262, 0.00018577670162625494, 0.00014873211570667834, 0.00016812297699412746, 0.0001713064585244991, 0.00016460901867491756, 0.00013197490174719857, 0.0001288343675545908, 0.00014960556439925663, 0.00014845846271493808, 0.00014359896435520164, 0.0001353724128254596, 0.0001264971240974911, 0.00013930555726243904, 0.0001537963942240656, 0.00017582429845491656, 0.00014576926852454764, 0.00015557345301670387, 0.00014252105427335764, 0.00015048904964975644, 0.0001609882129375565, 0.0001545880702452023, 0.00017766020560359757, 0.00013073501896449682, 0.00014751035533436084, 0.00015814833510559441, 0.00015898808657098485, 0.00014823072742378232, 0.00015421829058517012, 0.00015248598880823302, 0.00014107784184775452, 0.0001420463287186567, 0.00015382298633415443, 0.00016517566900893524, 0.00013256261048049376, 0.00014508331539970262, 0.00018365658530968338, 0.00016143982610076157, 0.0001294135744163418, 0.00015964253002349386, 0.0001447406748428956, 0.00014769563720224113, 0.00014115467919060165, 0.00013011201886186136, 0.0001531568624615184, 0.00017367936022619456, 0.00012182158371198154, 0.00013106035331535918, 0.00016610362549162612, 0.00012880969896922025, 0.00016151346586065274, 0.00017234215820796075, 0.00013087328073647627, 0.00016071436159682153, 0.00015061509623459573, 0.00014196055712403942, 0.0001700257251590289, 0.00017937702962509913, 0.00015018823553525018, 0.00015398362770768212, 0.00016759652653984406, 0.0001925344445585593, 0.00015618956067857076, 0.00016301776623911323, 0.00013471449304803526, 0.0001402635004195945, 0.00017558006090095065, 0.00014791864068643173, 0.00015508625037485678, 0.00015909640462176012, 0.00017624634951347767, 0.00018299376906037566, 0.0001531367472183246, 0.00019335313270323613, 0.00015396944140735745, 0.000174636176879699, 0.00017365783363996112, 0.00012874258697145513, 0.0001645709658703331, 0.00017811955988039223, 0.00016561700656781808, 0.0001638810906597196, 0.0001649142264985107, 0.0001549287169499338, 0.00013989567880494657, 0.00016359303584284477, 0.00018065983168173122, 0.00016172367170199376, 0.00015059795425637675, 0.0001374315156749652, 0.00016810873553682097, 0.00018745022435534065, 0.0001765774311704938, 0.00016796444411279102, 0.0001576846900376091, 0.00018656885456460194, 0.00014393101315479382, 0.00018116763603170463, 0.00018669898662080492, 0.00017172642621266607, 0.00016027753736684244, 0.00015293681772456788, 0.0001993404746281714, 0.00018355986011063958, 0.00015905068234493052, 0.0001678306077466451, 0.0001692521085228449, 0.00016824694849106714, 0.00015988662577588806, 0.00014803709316602948, 0.00018694318376708953, 0.00014906692661833195, 0.00015268470158278762, 0.00017262880380661307, 0.00015878781125145907, 0.00017804658195086587, 0.00018590493610734922, 0.00018246192804214639, 0.00012198476645871918, 0.00017651307901634397, 0.00018975369797349017, 0.0001475910458848115, 0.00017803628360427818, 0.0001567516124487362, 0.00022308839535987028, 0.00018611329479998755, 0.00017904704955159733, 0.000207647399555015, 0.00017143773356500708, 0.0002383763830283532, 0.00016451042140373418, 0.00015989125016814543, 0.0001515638422905067, 0.0001440437340932697, 0.0001661091231212007, 0.00015425341551641853, 0.00015572790437395385, 0.00017398725074287087, 0.00018376398001902468, 0.00016499072170546837, 0.00014045295717359055, 0.00019002072678803609, 0.00016043032301682003], 'latent/consistency_tH': [0.0027508012950420383, 0.0005584616756921402, 0.00025255946870663835, 0.00018229825544251353, 0.0001565424534257563, 0.00017517550522179427, 0.00015255539029760505, 0.00016646349858011035, 0.0001951077483698938, 0.00019814813033497885, 0.00018376010420828788, 0.0001501108306275465, 0.0001559123002322437, 0.00017420780566993252, 0.00012358205850181717, 0.00012800380866210395, 0.0001501901200828785, 0.00012478081750177985, 0.00013842520325987187, 0.0001184489715992355, 0.00012003723981392897, 0.00011484854270899937, 0.00012416099813231034, 0.0001162652346659246, 0.00011863253097111134, 0.00012185147323828501, 0.00012170510948398218, 0.00013736480644095444, 0.00010042822272553267, 0.00011657779451786286, 0.00010647149477542329, 0.00010064959249166186, 0.0001065573953919182, 9.779480213197164e-05, 9.948274210020947e-05, 9.791110534077064e-05, 0.00011007133822615354, 9.294139777965255e-05, 0.00010515942968420986, 0.00010521949352189244, 0.00011432588744913547, 8.677484312165713e-05, 9.787981458834108e-05, 9.453476019320338e-05, 0.00010353044370327023, 0.0001179183934803968, 0.00010024686926422305, 0.0001135098816652556, 8.51971500921962e-05, 9.997921484465618e-05, 0.00010063719501895633, 9.4609595163139e-05, 0.00011125143083912998, 0.00011064443871657963, 0.00011059645807988415, 8.166027398318823e-05, 9.438770579753552e-05, 0.00010248938685995745, 9.812577932390828e-05, 9.27740405635861e-05, 0.00010597450886726565, 0.00010578444011994479, 0.00012169456322475011, 9.058672337586958e-05, 8.360179511077444e-05, 8.827795409379981e-05, 8.036244163078432e-05, 8.851215258000165e-05, 9.669934664951263e-05, 8.230103640420143e-05, 0.00010526331554450596, 0.00010399237725156624, 9.37694458723334e-05, 7.695434184871779e-05, 9.330237451629564e-05, 0.0001195239546768294, 0.00010147120543566818, 8.271230598807912e-05, 9.254618112699644e-05, 9.106108085772292e-05, 9.987748894273833e-05, 8.971638796423292e-05, 0.0001017479039427001, 0.00010470866609511681, 0.00010852219049138355, 8.438753630836696e-05, 9.546413465667902e-05, 9.782547923463913e-05, 0.0001062301190883794, 9.469117746706005e-05, 9.675639447630784e-05, 8.870557204743447e-05, 9.343116513621364e-05, 0.0001085432764674045, 9.403770034488746e-05, 8.684776521068261e-05, 9.451140074952103e-05, 9.516049459734782e-05, 0.00011596120741808666, 8.66086759594262e-05, 0.0001007606880447227, 9.998525956630463e-05, 9.47747983908944e-05, 9.257903176944632e-05, 7.832634218038501e-05, 0.00011061927747901007, 8.615427696118619e-05, 9.29781657295746e-05, 9.082079026549093e-05, 9.012978616545307e-05, 0.00010322578819610623, 8.04741482219898e-05, 0.00010471506364343512, 9.464690467844414e-05, 9.312685804251646e-05, 6.89122167235772e-05, 0.00010085791222552475, 0.00011592522223379384, 8.86646321462718e-05, 9.788857391833404e-05, 9.574248383620812e-05, 7.955523317344982e-05, 8.978478352502032e-05, 8.446883939624667e-05, 6.95177901458961e-05, 7.744903215346569e-05, 8.932993811317288e-05, 9.735481525055052e-05, 0.00010458504910132425, 8.466963249901059e-05, 0.00010208495611115469, 0.00010081353732790168, 0.000103999432199825, 0.000109883298194951, 9.013029542915425e-05, 9.02416803034756e-05, 0.00011463715935874254, 0.00010044570239744403, 0.0001053507556869297, 0.00011511963661688919, 9.17891244092991e-05, 7.891354913386248e-05, 7.430010495938757e-05, 0.00011648017107136631, 0.00011145726429518064, 9.484201848274149e-05, 8.103239368330986e-05, 9.171660351175977e-05, 7.90433406805578e-05, 9.908822828092327e-05, 0.0001017361876338215, 0.00011835979709105392, 9.761704704405613e-05, 9.372712666118349e-05, 9.609394774670271e-05, 0.00010261381221982575, 9.18978417331526e-05, 8.921355028985465e-05, 8.458416422711632e-05, 0.00011522925282673304, 9.846390269807836e-05, 9.21102764707092e-05, 0.00012996311075543388, 8.927668280578181e-05, 0.0001008502861325461, 8.416512023923763e-05, 0.00011144151516913845, 9.431098293043057e-05, 9.60144625647277e-05, 9.1335760545409e-05, 0.00010321896664354062, 8.132144381982939e-05, 9.708383523463987e-05, 7.802941396179126e-05, 8.702029495778456e-05, 0.0001156992334276853, 8.57821384126955e-05, 9.767022901470716e-05, 0.00010630160108110656, 8.682392195257385e-05, 0.0001122017844712853, 9.855764169413079e-05, 0.00010972150477738034, 0.00010183157375594592, 9.936340188499797e-05, 9.71730105108955e-05, 0.00013431782450756317, 9.60139863879403e-05, 0.00010309508543231193, 7.748423254301057e-05, 7.323725784795725e-05, 0.00011643344751521747, 0.00010956568772889546, 8.166849825602756e-05, 0.00010549581445562626, 0.00010700530073385036, 8.614385296041606e-05, 9.815293448188649e-05, 7.685033840643524e-05, 0.00010019285091662578], 'latent/mppi_elite_value_std': [None, 0.0015902734867810086, 0.003635827561482237, 0.008493931136080962, 0.0031163825171431243, 0.0070513242202672145, 0.002139460356544646, 0.009605325516128157, 0.08095441919760864, 0.015660706011496606, 0.010216451699351974, 0.010013680799745874, 0.02443078168108065, 0.010035275046142569, 0.021812783026212885, 0.011844827893606835, 0.023474055594179224, 0.03150574409984583, 0.01724322528618897, 0.04155333667315553, 0.06676716142678486, 0.015411583649027017, 0.01844739193625451, 0.016022871133073862, 0.0324618130139508, 0.044071906340186616, 0.027703366238237173, 0.017938792400719963, 0.017376460135615057, 0.026336912619124835, 0.05214887544198896, 0.051025894101318414, 0.023425200656989952, 0.016158860770760775, 0.015788147453776845, 0.01093936807226484, 0.01924038179375818, 0.025210087319670806, 0.038160336760377334, 0.014734248338848002, 0.02962343496500407, 0.0379003115307402, 0.05443927213751865, 0.013929679476628194, 0.027849484469703034, 0.04670838910416945, 0.03886276167987454, 0.04488432224097619, 0.04091308384725354, 0.01814397905015217, 0.015864408192933818, 0.05062444373266343, 0.030301586802246958, 0.049510540872390436, 0.03774586046131425, 0.023545816809815892, 0.03925357437387826, 0.0388323881701263, 0.03062542748198287, 0.022491176355086254, 0.021935292314817334, 0.01699812464916169, 0.012648479584105529, 0.023024518084549483, 0.03178469436557535, 0.022549702436499224, 0.017210276083824878, 0.015620909885115549, 0.013860356115164492, 0.03322525240216, 0.021367185146633275, 0.016255510653649795, 0.019621312157841922, 0.0228807980855538, 0.029832582920573805, 0.011796639266883525, 0.019717264041799368, 0.020688137789484234, 0.040472254549338886, 0.02178044385037421, 0.03291908333464087, 0.03344164783308438, 0.05903410407820398, 0.031553995865014416, 0.04637796602890175, 0.030873897155773225, 0.0196540555672523, 0.05477469442445321, 0.028249467470335587, 0.049433864418642254, 0.03414235368629277, 0.033050286812078486, 0.022891812242754373, 0.03306607119061781, 0.017556252590547952, 0.025832001043321128, 0.013225828821574553, 0.012705715590308668, 0.011506344774640518, 0.013484644721105155, 0.024452865109041284, 0.01119619265470382, 0.03930874061062624, 0.0270093243337555, 0.03555352894895948, 0.028412668287063396, 0.026851935107198285, 0.017552394307534983, 0.025099269849005724, 0.013135338740575143, 0.01528284925031265, 0.01776931428777652, 0.015915278267645643, 0.016665705192614025, 0.023861735345002136, 0.022824437856526294, 0.03207061974361598, 0.022241056353580535, 0.029322963007755155, 0.02777857400869758, 0.02084219580509893, 0.019487904223268106, 0.02908590767353891, 0.020849429216327004, 0.02439674005657114, 0.01235830388115126, 0.032471426790641536, 0.016593202211066953, 0.025313838453828126, 0.014296684865353088, 0.019644007823491953, 0.023989337408416248, 0.023538511598735972, 0.015526306306648481, 0.025171808703404942, 0.01825739815047677, 0.018121894122312365, 0.031488699427695985, 0.018511219256612282, 0.022624685477219287, 0.08083057173413438, 0.022845727534198414, 0.03827950174671168, 0.018811002083537885, 0.0324558764312456, 0.014092209226114557, 0.013850553216337717, 0.02948655311301097, 0.025527383206569724, 0.06459381715524189, 0.03626361419843601, 0.1343601399932173, 0.030053415917196083, 0.02965085450365354, 0.031447650885251144, 0.04661495754697037, 0.02205459289480656, 0.019069081210106698, 0.026699176971335437, 0.014530362378205205, 0.03986552025703583, 0.05673279882528394, 0.012470853674891398, 0.02178332620824566, 0.024153919721521214, 0.03016681395318623, 0.02360021984711838, 0.02287110045481089, 0.030595569504746435, 0.017535618593994613, 0.02679023600101178, 0.01412116226061515, 0.017064666644606395, 0.01763675518770299, 0.02209848918200803, 0.05809289299599638, 0.021423171946653625, 0.025894550919760978, 0.021804884727918108, 0.02796880151786543, 0.006500178546422213, 0.07784993767570438, 0.02742231278460474, 0.021163260552501926, 0.01784966323013974, 0.022987575273420054, 0.03282835419515665, 0.017921541308328494, 0.02946857788874024, 0.021674662603856955, 0.043868559402623776, 0.014892558613559441, 0.022025338485515727, 0.09272419520345648, 0.015081054912678233, 0.02608508220418536, 0.006955371613371329, 0.05147123859679689, 0.018566313007222737, 0.024901098026983814], 'latent/mppi_plan_std': [None, 0.06091097447144147, 0.10924416704121966, 0.2868414112626541, 0.13993725247650804, 0.20505990398978158, 0.07285399251360418, 0.20644413970413072, 0.2700208742692705, 0.3022645353271854, 0.2781626153325652, 0.14682634911949252, 0.30325864580621004, 0.27218257527988904, 0.3160124120473406, 0.26876103250251143, 0.3028175968862368, 0.3195099516200055, 0.30580300777101893, 0.30893945618533475, 0.2831063540134292, 0.2825173158017327, 0.28938199947012655, 0.3085921363309178, 0.19838852190950676, 0.2677287440026696, 0.2862639717011497, 0.1142160655017066, 0.2547270998359385, 0.29087886255957934, 0.3092395219049536, 0.18920675583943783, 0.23937086513591033, 0.2982036623718452, 0.17595675372044794, 0.31147407484223, 0.2884463879135399, 0.31706791883504926, 0.28647019443850946, 0.1886426698148285, 0.23729550319825043, 0.314494460848018, 0.27968927782249214, 0.24439347659100336, 0.295701893939516, 0.1945676644723478, 0.2569300649559779, 0.31106292672942154, 0.06753662336953557, 0.2941901183340401, 0.30331532272878214, 0.3222772258399878, 0.29576166860585834, 0.3015061764815775, 0.28451458260625995, 0.24185040814935788, 0.26754275607505634, 0.2889807278194561, 0.26830204418516496, 0.29265343726928283, 0.3109765608972318, 0.12907579450097312, 0.14745442992422805, 0.2789938759437372, 0.3210055075865168, 0.3101560061276302, 0.2933075637500215, 0.30494190559412937, 0.22184774240344055, 0.3091807519943539, 0.2555747635143136, 0.28971189996349117, 0.2853974596574546, 0.2065119394817791, 0.29523983728267916, 0.2611792788094296, 0.30863366455917346, 0.2635928484267551, 0.298531037293555, 0.2550521597989982, 0.3044505905197788, 0.2835440615064679, 0.2986532459767628, 0.317756180578329, 0.3032264965418695, 0.3080811659285969, 0.2894973098143275, 0.2919315321445878, 0.31562691645304236, 0.3020281688536648, 0.2896001112433427, 0.30294146716421877, 0.3179016007832139, 0.30426303162605284, 0.2505967404927332, 0.3082549063803402, 0.2620122902164566, 0.23969763325241042, 0.19784298693544958, 0.20949900470465396, 0.17887397987124687, 0.20902936224830276, 0.2780587636766983, 0.29561758377601094, 0.3140415962655177, 0.2977490869479291, 0.18057211595128408, 0.2984189947914057, 0.2892861065203837, 0.2360357171192867, 0.23479645642014157, 0.21370241247502147, 0.24447489368277592, 0.3105960879364848, 0.30522009928766164, 0.3039142298763172, 0.3184234918319206, 0.3052479114487652, 0.3070831690701329, 0.2676293860957532, 0.3277332726726564, 0.22741778667127527, 0.29120262263756697, 0.23668703115302273, 0.27845738254585906, 0.2561425151065417, 0.3064677162830303, 0.30113127604597945, 0.30134314847883875, 0.2810756752780103, 0.29464604377269077, 0.3029446488609499, 0.28401205685644804, 0.22562095772999521, 0.3112220472000905, 0.2939752164851572, 0.2667536229059816, 0.15577413978295881, 0.311766628994968, 0.29346106943348266, 0.2968470843738678, 0.2895754101745174, 0.14843959823327743, 0.2917075495313709, 0.2635543516299594, 0.28574100829634785, 0.30432204164199655, 0.22316619790344597, 0.269295142815502, 0.28160319355545593, 0.3046954273575689, 0.2835288312947976, 0.2825014501572635, 0.24661221072599745, 0.23007739662326457, 0.22392458679224433, 0.29844493139432093, 0.30707978411178666, 0.3049768678511617, 0.19880324381637976, 0.2766227433578734, 0.2903631480339141, 0.24527331943397723, 0.18641838026924107, 0.1890213998295146, 0.1971866301492478, 0.26802614090517185, 0.31131634199879593, 0.29581021244507916, 0.29966059749585405, 0.29550844176257157, 0.23970883657753678, 0.1967588255520345, 0.28297233194143273, 0.2929739382073416, 0.2599149191609376, 0.31154710178851136, 0.3092668725588387, 0.2845137517102722, 0.25860352870711456, 0.25166267420006155, 0.238956156537565, 0.16936489570638633, 0.3076377093639885, 0.10460387979888582, 0.2981324770087361, 0.29250449746355145, 0.23715376567223592, 0.22319891229804859, 0.27843519044300297, 0.29426311897966523, 0.2428082579177751, 0.21737572726653376, 0.28352371290897027, 0.19016533480773853, 0.20028525671170358, 0.21251728245429272, 0.20302881802361167, 0.18166155862011904, 0.29585182943665644], 'latent/z_active_frac': [0.096875, 0.9999989931231663, 0.9999999999999994, 0.9999999999999994, 0.9999999999999994, 0.9999999999999994, 0.9999999999999994, 0.9999999999999994, 0.9999999999999994, 0.9999999999999994, 0.9999999999999994, 0.9999999999999994, 0.9999999999999994, 0.9999999999999994, 0.9999999999999994, 0.9999999999999994, 0.9999999999999994, 0.9999999999999994, 0.9999999999999994, 0.9999999999999994, 0.9999999999999994, 0.9999999999999994, 0.9999999999999994, 0.9999999999999994, 0.9999999999999994, 0.9999999999999994, 0.9999999999999994, 0.9999999999999994, 0.9999999999999994, 0.9999999999999994, 0.9999999999999994, 0.9999999999999994, 0.9999999999999994, 0.9999999999999994, 0.9999999999999994, 0.9999999999999994, 0.9999999999999994, 0.9999999999999994, 0.9999999999999994, 0.9999999999999994, 0.9999999999999994, 0.9999999999999994, 0.9999999999999994, 0.9999999999999994, 0.9999999999999994, 0.9999999999999994, 0.9999999999999994, 0.9999999999999994, 0.9999999999999994, 0.9999999999999994, 0.9999999999999994, 0.9999999999999994, 0.9999999999999994, 0.9999999999999994, 0.9999999999999994, 0.9999999999999994, 0.9999999999999994, 0.9999999999999994, 0.9999999999999994, 0.9999999999999994, 0.9999999999999994, 0.9999999999999994, 0.9999999999999994, 0.9999999999999994, 0.9999999999999994, 0.9999999999999994, 0.9999999999999994, 0.9999999999999994, 0.9999999999999994, 0.9999999999999994, 0.9999999999999994, 0.9999999999999994, 0.9999999999999994, 0.9999999999999994, 0.9999999999999994, 0.9999999999999994, 0.9999999999999994, 0.9999999999999994, 0.9999999999999994, 0.9999999999999994, 0.9999999999999994, 0.9999999999999994, 0.9999999999999994, 0.9999999999999994, 0.9999999999999994, 0.9999999999999994, 0.9999999999999994, 0.9999999999999994, 0.9999999999999994, 0.9999999999999994, 0.9999999999999994, 0.9999999999999994, 0.9999999999999994, 0.9999999999999994, 0.9999999999999994, 0.9999999999999994, 0.9999999999999994, 0.9999999999999994, 0.9999999999999994, 0.9999999999999994, 0.9999999999999994, 0.9999999999999994, 0.9999999999999994, 0.9999999999999994, 0.9999999999999994, 0.9999999999999994, 0.9999999999999994, 0.9999999999999994, 0.9999999999999994, 0.9999999999999994, 0.9999999999999994, 0.9999999999999994, 0.9999999999999994, 0.9999999999999994, 0.9999999999999994, 0.9999999999999994, 0.9999999999999994, 0.9999999999999994, 0.9999999999999994, 0.9999999999999994, 0.9999999999999994, 0.9999999999999994, 0.9999999999999994, 0.9999999999999994, 0.9999999999999994, 0.9999999999999994, 0.9999999999999994, 0.9999999999999994, 0.9999999999999994, 0.9999999999999994, 0.9999999999999994, 0.9999999999999994, 0.9999999999999994, 0.9999999999999994, 0.9999999999999994, 0.9999999999999994, 0.9999999999999994, 0.9999999999999994, 0.9999999999999994, 0.9999999999999994, 0.9999999999999994, 0.9999999999999994, 0.9999999999999994, 0.9999999999999994, 0.9999999999999994, 0.9999999999999994, 0.9999999999999994, 0.9999999999999994, 0.9999999999999994, 0.9999999999999994, 0.9999999999999994, 0.9999999999999994, 0.9999999999999994, 0.9999999999999994, 0.9999999999999994, 0.9999999999999994, 0.9999999999999994, 0.9999999999999994, 0.9999999999999994, 0.9999999999999994, 0.9999999999999994, 0.9999999999999994, 0.9999999999999994, 0.9999999999999994, 0.9999999999999994, 0.9999999999999994, 0.9999999999999994, 0.9999999999999994, 0.9999999999999994, 0.9999999999999994, 0.9999999999999994, 0.9999999999999994, 0.9999999999999994, 0.9999999999999994, 0.9999999999999994, 0.9999999999999994, 0.9999999999999994, 0.9999999999999994, 0.9999999999999994, 0.9999999999999994, 0.9999999999999994, 0.9999999999999994, 0.9999999999999994, 0.9999999999999994, 0.9999999999999994, 0.9999999999999994, 0.9999999999999994, 0.9999999999999994, 0.9999999999999994, 0.9999999999999994, 0.9999999999999994, 0.9999999999999994, 0.9999999999999994, 0.9999999999999994, 0.9999999999999994, 0.9999999999999994, 0.9999999999999994, 0.9999999999999994, 0.9999999999999994, 0.9999999999999994], 'latent/encoder_grad_norm': [0.03133745567198331, 0.0393738577235887, 0.04885333453562057, 0.0364202218999867, 0.04835887701167105, 0.0510554915416735, 0.06844057163947041, 0.06419007016603094, 0.08681725688815731, 0.17712742185273164, 0.12764862697637702, 0.11232103707009508, 0.2616945383917638, 0.21232465772445697, 0.18028033465969837, 0.2985520441876226, 0.178616548170223, 0.22408776964608396, 0.2936597510341113, 0.2518971226149293, 0.1234176834836439, 0.2322635290731448, 0.47684155699179603, 0.26036978549531, 0.5229984013860252, 0.2596568396053441, 0.24160541009390252, 0.35411203286859705, 0.23523858224365343, 0.2496429512024562, 0.2064232205949599, 0.194358118849021, 0.23400222010363944, 0.33836137674337186, 0.31655494900470427, 0.45761743210332323, 0.4513572526648914, 0.26662315984793483, 0.2300816088719261, 0.4041159390434232, 0.27870838796147096, 0.30186374984360914, 0.25693900325539254, 0.3548144296335318, 0.32008177058932447, 0.3093125207242228, 0.23687715314654947, 0.3849191292120369, 0.34784845987584473, 0.2138186215874354, 0.25557851042136276, 0.19972088812262742, 0.22989843271045943, 0.3151115133264055, 0.1586457453146722, 0.2559551767108604, 0.22522318137847733, 0.27227907802325063, 0.19083148337065986, 0.312765997116784, 0.2719268015188856, 0.20009496007637068, 0.39833751641982973, 0.17649671257025693, 0.20990971985155496, 0.2868780436279334, 0.27815603817894585, 0.20681923077667647, 0.2472536664647127, 0.14794252432826657, 0.18708661120943457, 0.2313405782893427, 0.19047890705734372, 0.15939802448559062, 0.2658135275167581, 0.2604534771448849, 0.18323951862735857, 0.19281411060460182, 0.344068738646684, 0.1843652804494243, 0.2084566963424294, 0.18870505174116536, 0.17166975069384932, 0.24379893883544443, 0.2970674174208427, 0.14957672729229554, 0.29275335713075606, 0.15721387845008325, 0.23174827570556597, 0.24201442581546279, 0.1328873463646568, 0.1557870023445532, 0.14942617428659538, 0.18887323131838435, 0.28522171627126686, 0.2164186374031695, 0.17499037117634952, 0.19932558014445645, 0.1697429687607777, 0.2004783917842675, 0.24196750764280817, 0.20736594711766032, 0.1841200656796832, 0.21326901579214858, 0.15707436842181763, 0.18221529717953422, 0.15913521122668606, 0.15854196754974725, 0.1845301776168463, 0.18909063207721932, 0.19437887712767216, 0.20629667244508482, 0.17493860217930562, 0.22813145093914228, 0.2042597079836361, 0.13809420065898248, 0.17672749766530949, 0.16170600808338084, 0.25636643692161987, 0.19605350951829809, 0.1417635974796673, 0.16841308574853744, 0.14016265497706898, 0.15523095652922092, 0.219071095009823, 0.18928278729019152, 0.13185515724513203, 0.19231059231144856, 0.20220043059495796, 0.18662783793360133, 0.16215352088403417, 0.20649088813115157, 0.1575145586590634, 0.15982505175498304, 0.21484611840362572, 0.15938736606465717, 0.2745714639600862, 0.22873845315177835, 0.20144569267726498, 0.2109816093425177, 0.15608489252349705, 0.15286767080397612, 0.16458831003077187, 0.20238359836270567, 0.16564044704927577, 0.1883315998648784, 0.14636444585325897, 0.21647905252639563, 0.1830047885433284, 0.18585583209455328, 0.15010477506382872, 0.13378576069326698, 0.19562223563558306, 0.17597796471984697, 0.1593871875639269, 0.1401004261785163, 0.2043331043847509, 0.16414701384258656, 0.16280298527110615, 0.12116150344622949, 0.17588857730736318, 0.12269918633359295, 0.1866104619125883, 0.14205139249335966, 0.1629745948996182, 0.19041223334271198, 0.15600197407618996, 0.18994627253152543, 0.13375097915304313, 0.16631749042036184, 0.1811536164877698, 0.1544088749889375, 0.164534353341249, 0.14735317606969928, 0.16726673699753936, 0.13378944794774342, 0.14653453857711532, 0.218173283033968, 0.1796620990791896, 0.14803143572779506, 0.17587885798460803, 0.17128200783058772, 0.17986515537442074, 0.17799368675589863, 0.1580166812624603, 0.1727378172661373, 0.19264691088931404, 0.16765399666982367, 0.16018658765116647, 0.12829489448906733, 0.1773685101622236, 0.1488424532295422, 0.11186792480234593, 0.142969038365315, 0.18972845125479434, 0.1462451405274119, 0.25665838934152135, 0.12990039665534922, 0.19808141222320177, 0.22581587305152945], 'step': [1000, 2000, 3000, 4000, 5000, 6000, 7000, 8000, 9000, 10000, 11000, 12000, 13000, 14000, 15000, 16000, 17000, 18000, 19000, 20000, 21000, 22000, 23000, 24000, 25000, 26000, 27000, 28000, 29000, 30000, 31000, 32000, 33000, 34000, 35000, 36000, 37000, 38000, 39000, 40000, 41000, 42000, 43000, 44000, 45000, 46000, 47000, 48000, 49000, 50000, 51000, 52000, 53000, 54000, 55000, 56000, 57000, 58000, 59000, 60000, 61000, 62000, 63000, 64000, 65000, 66000, 67000, 68000, 69000, 70000, 71000, 72000, 73000, 74000, 75000, 76000, 77000, 78000, 79000, 80000, 81000, 82000, 83000, 84000, 85000, 86000, 87000, 88000, 89000, 90000, 91000, 92000, 93000, 94000, 95000, 96000, 97000, 98000, 99000, 100000, 101000, 102000, 103000, 104000, 105000, 106000, 107000, 108000, 109000, 110000, 111000, 112000, 113000, 114000, 115000, 116000, 117000, 118000, 119000, 120000, 121000, 122000, 123000, 124000, 125000, 126000, 127000, 128000, 129000, 130000, 131000, 132000, 133000, 134000, 135000, 136000, 137000, 138000, 139000, 140000, 141000, 142000, 143000, 144000, 145000, 146000, 147000, 148000, 149000, 150000, 151000, 152000, 153000, 154000, 155000, 156000, 157000, 158000, 159000, 160000, 161000, 162000, 163000, 164000, 165000, 166000, 167000, 168000, 169000, 170000, 171000, 172000, 173000, 174000, 175000, 176000, 177000, 178000, 179000, 180000, 181000, 182000, 183000, 184000, 185000, 186000, 187000, 188000, 189000, 190000, 191000, 192000, 193000, 194000, 195000, 196000, 197000, 198000, 199000, 200000]}
  implicit_horizon_degradation_ratio: [0.9985, 0.7783, 0.7856, 0.6648, 0.701, 0.7901]...

--- cross_agent_cca_timeline ---
  shared_steps: [10000, 20000, 30000, 40000, 50000, 60000]...
  mean_canonical_corr: [0.4937, 0.4938, 0.5141, 0.5016, 0.4991, 0.4889]...
  top1_canonical_corr: [0.5735, 0.5464, 0.6048, 0.5827, 0.6062, 0.5735]...

