Latent Space Analysis Report
==================================================

--- snapshot_geometry ---
  explicit_steps: [10000, 20000, 30000, 40000, 50000, 60000]...
  explicit_participation_ratio: [46.1392, 42.4952, 43.0959, 39.8757, 38.6984, 37.4398]...
  explicit_dims_95pct: [51, 51, 51, 50, 50, 50]...
  explicit_dead_unit_frac: [0.0, 0.0, 0.0, 0.0, 0.0, 0.0]...
  explicit_median_r2: [0.5146, 0.6359, 0.6499, 0.632, 0.5687, 0.5919]...
  implicit_steps: [10000, 20000, 30000, 40000, 50000, 60000]...
  implicit_participation_ratio: [9.8767, 10.5293, 11.1819, 11.8731, 11.8235, 11.9273]...
  implicit_dims_95pct: [20, 22, 23, 25, 25, 26]...
  implicit_dead_unit_frac: [0.0, 0.0, 0.0, 0.0, 0.0, 0.0]...
  implicit_median_r2: [0.975, 0.8944, 0.9504, 0.9107, 0.8638, 0.9648]...

--- metrics_timeline ---
  explicit: {'wm/kl_active_vars': [2.422831452815273, 2.983581212215986, 2.9969575654759755, 3.670605665161914, 3.14485369683981, 5.154561355608461, 7.230209059750051, 7.594456184652161, 7.110153931154832, 6.430813704296856, 6.350830649169614, 6.504561991362425, 6.9081943367670045, 6.906915581609735, 6.980834743717257, 6.996448639318358, 6.999341925695904, 6.99986450833653, 6.99997489312122, 6.9999948307163065, 6.999999042121297, 6.999999822503144, 6.999999963454973, 6.999999993228136, 6.999999998745163, 6.909999999741642, 6.60529112008544, 6.813314283583291, 6.252554237177998, 5.317400118246796, 4.7208711156752425, 3.243421066453407, 2.078188534207461, 1.7353866092744061, 1.0068514306558782, 0.894553210056107, 0.5622578655834737, 0.2013150352225081, 0.6928821094019264, 0.45046389791481406, 0.42125529642072446, 0.35366155032131996, 0.2529553184946048, 0.2478610449142168, 0.0889758730255957, 0.3437884661231797, 0.4587434841492844, 0.5952697613213859, 0.5392621557113354, 0.6246964287598878, 0.6507866119876718, 0.5635007464221832, 1.06949294327308, 0.6671339730647143, 0.39157673139389726, 0.7114078023623306, 0.29087430202841197, 0.5435808834212608, 0.12131574833481647, 0.07581515333214489, 0.367375202760031, 0.4046853667597877, 0.7012558323614839, 0.6169709247010582, 0.462366219024526, 1.1282074163942521, 0.9454682340138385, 1.4857975650585082, 1.8153413152082938, 1.9045141330344628, 1.803481490401115, 1.8515254088863928, 1.520558910795926, 1.2567866373557308, 0.9564285936212289, 0.9376701098397581, 0.5315131683038897, 0.9726297773602364, 0.6807293028750164, 0.7506378975851445, 0.4990466690513574, 0.8890589522733986, 0.9189632978990233, 0.8711082047107932, 1.0168681846177783, 2.5164114310233345, 2.053354120988342, 1.7934537677698692, 1.3211582881093624, 1.5662886499378965, 1.0688525657119676, 1.3642506631339684, 2.0208089837009826, 1.3972817762243965, 1.0819640313486432, 0.5763882301212172, 1.4719077952712196, 1.346803278147621, 2.6542064478932392, 3.3430595223269015, 3.9151155449333714, 2.857891003713304, 2.340086445044548, 0.8104620817899255, 0.30780912092986257, 0.4445940770925082, 1.0004287561134082, 0.4495720405311923, 0.5766477296761517, 0.5582840481035489, 0.16808983469442323, 0.41642839030953366, 0.4045861682576761, 0.3403733478605091, 0.35174781491961243, 0.2707878179827181, 0.2600091157282764, 0.6072534250824662, 0.42418551478064304, 0.4167590641382693, 0.34249400890491133, 0.6018961217480671, 0.5571768295830405, 0.5324385178287596, 0.4061940962614844, 0.15360233577092186, 0.20452535880425754, 0.5557482464365755, 0.7055996889765984, 0.7967885760361243, 0.6705058969103512, 0.5246285402210104, 0.4268876099790304, 0.5283128538584756, 0.6928195162656563, 0.24114896834418287, 0.40351039424297247, 0.2826123438826438, 1.127533188867211, 0.8372651025714718, 0.5858885182875344, 0.5938931692903293, 0.625383473156955, 0.36427365125516714, 0.46716264662325996, 0.8311451769855959, 0.28500586403036565, 0.29172690099882564, 0.8685453538299107, 0.516565157232455, 1.3366858624906013, 0.8787011550103572, 0.38617973448512344, 0.3052552377351531, 0.3763044607276008, 0.27986999462468415, 0.5629094750293397, 1.2601230940319228, 0.5836403024088446, 0.9293978825192795, 0.6555993204450026, 0.9240847208503551, 0.8955197738487437, 1.7376444855836255, 0.7633007360624593, 1.382284891067311, 1.2472487327413375, 0.8578371414977572, 0.6784054870257558, 0.7895204548632448, 0.8575024197876981, 0.9911878195837702, 1.7210279191550442, 0.9139243146792132, 1.1894019897034807, 0.8268896249979751, 1.4705693718568085, 0.7195771927953152, 0.4651347520236664, 0.12118577895400655, 0.32042081910935116, 0.3014833611387683, 0.447216156897522, 1.2917916692102458, 0.8169704358828266, 0.594883378931774, 0.32187405982935874, 0.5775317280251285, 1.0518026494850883, 1.0979088672400577, 0.5309196506967703, 0.8661105304610622, 1.1341719603290747, 1.2148849482069919, 0.4883534974538376, 0.8641279629621519, 0.7625449825309583, 1.0039025321749662, 1.1266053475202888, 0.6713667355477959], 'wm/kl_min_var': [0.031113743786896034, 0.038184987644949195, 0.046539108130684466, 0.05035034930823, 0.04836224089935855, 0.07709746607261674, 0.10068082103566768, 0.10527011002741977, 0.08042613469013665, 0.0661707556069069, 0.0584292448702127, 0.056440693996258055, 0.055936530136448254, 0.055634795021056324, 0.05587937863085059, 0.05519596950485446, 0.05615051628252536, 0.05590194878468982, 0.05839827405371801, 0.05823909086300122, 0.06032197472184547, 0.0591219687388519, 0.06050250488339437, 0.06137457240671612, 0.06695156277601935, 0.06784442766934043, 0.0721805157530701, 0.08253970927023414, 0.08427675848463105, 0.08711669972949912, 0.08544841377425223, 0.08163117568577208, 0.07808895396595195, 0.07717781673820717, 0.0737485211063964, 0.06939891439693587, 0.07070306787192081, 0.07012896596705029, 0.07092603806003747, 0.06730962987628343, 0.06908943051246547, 0.06898451545542929, 0.06603502775241493, 0.06438781838297788, 0.06628142586574393, 0.06344156336039895, 0.06556404553205282, 0.06652655243741681, 0.06831029380402148, 0.06788627212618986, 0.07078120690990895, 0.06589646500480145, 0.06915069040583609, 0.07109890246638607, 0.06582541951538338, 0.06698867050559015, 0.0700779311393984, 0.0683470305321246, 0.0658134620050415, 0.06672317128865717, 0.06841776486562753, 0.07116563628932146, 0.0713889379329044, 0.0678366335703142, 0.06823041450546102, 0.07085068447698308, 0.07260720244419179, 0.07558009238067014, 0.07482729367282447, 0.07558039743517557, 0.07463401053721806, 0.07242300908355592, 0.07571980632361197, 0.07058370010400736, 0.07077627099529375, 0.07231505583134817, 0.06947502791135844, 0.06954708234577704, 0.0703195875274738, 0.07063225770563324, 0.07098740690702195, 0.07037305693799936, 0.0697695073600994, 0.0675198923600227, 0.06917783565389031, 0.07600985965226581, 0.07048816355595636, 0.07141803477931465, 0.06527285970116103, 0.07045321941136437, 0.06988700970295343, 0.07279623977182217, 0.07085206991509158, 0.07028835945964458, 0.06917183899985378, 0.06749666675534982, 0.06518938632410803, 0.06548116681484442, 0.07210797955660912, 0.07108428756507326, 0.0702511883072762, 0.07325008531077856, 0.07304265256484453, 0.0686374829804908, 0.06606392405116394, 0.06943780557833848, 0.06789549445251414, 0.06657349545925575, 0.064573794991098, 0.06434455324471235, 0.06334088180046514, 0.06530409329463337, 0.06679155009895071, 0.06496305021495057, 0.06443969312048964, 0.06546578454522484, 0.06541876857102669, 0.06839385768958615, 0.06628452263964492, 0.06640323631871992, 0.06284473547234383, 0.06857561499086344, 0.06565764584864293, 0.06968117412089839, 0.06988780918092574, 0.06850748056599731, 0.0676569381539353, 0.07029421178808261, 0.06904032870017925, 0.06594941277801006, 0.06815431150817129, 0.06861709470970084, 0.06839573725194122, 0.06879893355676066, 0.06823682423594576, 0.06867037032004933, 0.06953749034783578, 0.06779282357560915, 0.0661322595973739, 0.0716675558035528, 0.06950998559583647, 0.07055135706151643, 0.06927858562600302, 0.06871944493042659, 0.07002894438030433, 0.07036786815295121, 0.07017041660051154, 0.06744818926447425, 0.06795732492649331, 0.062550626456176, 0.0660880814692321, 0.06642687531690783, 0.06972636654908297, 0.06957953226015665, 0.06815146350082811, 0.0661904417484553, 0.06985507149703367, 0.06941012832747641, 0.06790718181339679, 0.06944802807363298, 0.07091611025783653, 0.06803379578946661, 0.06881830521147676, 0.0694556642137323, 0.06607500684098368, 0.06867862957569427, 0.06771657243161372, 0.0719716216532925, 0.06721454075256222, 0.06621493704302474, 0.06868677942697654, 0.06978980419627719, 0.06900811242702434, 0.06794754793519589, 0.07108903268113838, 0.06669530339633613, 0.06876442935754777, 0.06607942447158396, 0.06668767658596134, 0.0645731672233044, 0.06592910199448761, 0.06558381789297446, 0.0636237753342528, 0.07040764901441278, 0.06601024137958945, 0.06504110031741885, 0.0670714046837907, 0.06699015946315304, 0.06889916334181467, 0.06526960466920281, 0.06735866825248413, 0.06639153187377271, 0.06800501159652432, 0.06437718568631988, 0.06501820161532988, 0.06805864050970815, 0.06399034003892148, 0.06598594425368724, 0.07074110373687077, 0.0660693212905796], 'latent/z_active_frac': [0.7941088679053511, 0.9576088417247838, 0.992144832788721, 0.998382690730077, 0.9997003093271215, 0.9999444667132745, 0.999988566188727, 0.9999978812916875, 0.9999996073990722, 0.9999999191669505, 0.9999999850214727, 0.999999996916054, 0.9999999994285386, 0.9999999998941071, 0.9999999999781978, 0.9999999999959599, 0.9999999999992513, 0.9999999999998457, 0.9999999999999714, 0.9999999999999941, 0.9999999999999988, 0.9999999999999994, 0.9999999999999994, 0.9999999999999994, 0.9999999999999994, 0.9999999999999994, 0.9999999999999994, 0.9999999999999994, 0.9999999999999994, 0.9999999999999994, 0.9999999999999994, 0.9999999999999994, 0.9999999999999994, 0.9999999999999994, 0.9999999999999994, 0.9999999999999994, 0.9999999999999994, 0.9999999999999994, 0.9999999999999994, 0.9999999999999994, 0.9999999999999994, 0.9999999999999994, 0.9999999999999994, 0.9999999999999994, 0.9999999999999994, 0.9999999999999994, 0.9999999999999994, 0.9999999999999994, 0.9999999999999994, 0.9999999999999994, 0.9999999999999994, 0.9999999999999994, 0.9999999999999994, 0.9999999999999994, 0.9999999999999994, 0.9999999999999994, 0.9999999999999994, 0.9999999999999994, 0.9999999999999994, 0.9999999999999994, 0.9999999999999994, 0.9999999999999994, 0.9999999999999994, 0.9999999999999994, 0.9999999999999994, 0.9999999999999994, 0.9999999999999994, 0.9999999999999994, 0.9999999999999994, 0.9999999999999994, 0.9999999999999994, 0.9999999999999994, 0.9999999999999994, 0.9999999999999994, 0.9999999999999994, 0.9999999999999994, 0.9999999999999994, 0.9999999999999994, 0.9999999999999994, 0.9999999999999994, 0.9999999999999994, 0.9999999999999994, 0.9999999999999994, 0.9999999999999994, 0.9999999999999994, 0.9999999999999994, 0.9999999999999994, 0.9999999999999994, 0.9999999999999994, 0.9999999999999994, 0.9999999999999994, 0.9999999999999994, 0.9999999999999994, 0.9999999999999994, 0.9999999999999994, 0.9999999999999994, 0.9999999999999994, 0.9999999999999994, 0.9999999999999994, 0.9999999999999994, 0.9999999999999994, 0.9999999999999994, 0.9999999999999994, 0.9999999999999994, 0.9999999999999994, 0.9999999999999994, 0.9999999999999994, 0.9999999999999994, 0.9999999999999994, 0.9999999999999994, 0.9999999999999994, 0.9999999999999994, 0.9999999999999994, 0.9999999999999994, 0.9999999999999994, 0.9999999999999994, 0.9999999999999994, 0.9999999999999994, 0.9999999999999994, 0.9999999999999994, 0.9999999999999994, 0.9999999999999994, 0.9999999999999994, 0.9999999999999994, 0.9999999999999994, 0.9999999999999994, 0.9999999999999994, 0.9999205663898505, 0.9999852807916719, 0.9999969694455337, 0.999999438432139, 0.9999998843781573, 0.9999999785750391, 0.9999999960299114, 0.9999999991825939, 0.9999999998485329, 0.9999999999719329, 0.9999999999942212, 0.9999999999989292, 0.9999999999997795, 0.999999999999959, 0.9999999999999923, 0.9999999999999984, 0.9999999999999994, 0.9999999999999994, 0.9999999999999994, 0.9999999999999994, 0.9999999999999994, 0.9999999999999994, 0.9999999999999994, 0.9999999999999994, 0.9999999999999994, 0.9999999999999994, 0.9999999999999994, 0.9999999999999994, 0.9999999999999994, 0.9999999999999994, 0.9999999999999994, 0.9999999999999994, 0.9999999999999994, 0.9999999999999994, 0.9999999999999994, 0.9999999999999994, 0.9999999999999994, 0.9999999999999994, 0.9999999999999994, 0.9997721866309639, 0.9999577857227886, 0.9999921776092068, 0.9999983894391038, 0.9999997015598144, 0.9999999385538123, 0.9999999886138973, 0.9997949658579999, 0.9999577852883856, 0.9999921775287112, 0.9999985504802774, 0.9995839289675778, 0.9999229011976924, 0.9999841260403096, 0.9999970585232216, 0.9997463289728191, 0.9999477713850341, 0.9999903219322033, 0.9999982066344983, 0.9999996307619464, 0.9999999315794432, 0.999999985912814, 0.9999999973896159, 0.9999999995162904, 0.9999999999004086, 0.9999999999815454, 0.9999999999965802, 0.9999999999992959, 0.9999999999998694, 0.9997721866309375, 0.9997299723537478, 0.9999499633319946, 0.9999896978937781, 0.9997702776298825], 'latent/encoder_grad_norm': [None, None, None, None, None, None, None, None, None, None, None, None, None, None, None, None, None, None, None, None, None, None, None, None, None, None, None, None, None, None, None, None, None, None, None, None, None, None, None, None, None, None, None, None, None, None, None, None, None, None, None, None, None, None, None, None, None, None, None, None, None, None, None, None, None, None, None, None, None, None, None, None, None, None, None, None, None, None, None, None, None, None, None, None, None, None, None, None, None, None, None, None, None, None, None, None, None, None, None, None, None, None, None, None, None, None, None, None, None, None, None, None, None, None, None, None, None, None, None, None, None, None, None, None, None, None, None, None, None, None, None, None, None, None, None, None, None, None, None, None, None, None, None, None, None, None, None, None, None, None, None, None, None, None, None, None, None, None, None, None, None, None, None, None, None, None, None, None, None, None, None, None, None, None, None, None, None, None, None, None, None, None, None, None, None, None, None, None, None, None, None, None, None, None, None, None, None, None, None, None], 'step': [1000, 2000, 3000, 4000, 5000, 6000, 7000, 8000, 9000, 10000, 11000, 12000, 13000, 14000, 15000, 16000, 17000, 18000, 19000, 20000, 21000, 22000, 23000, 24000, 25000, 26000, 27000, 28000, 29000, 30000, 31000, 32000, 33000, 34000, 35000, 36000, 37000, 38000, 39000, 40000, 41000, 42000, 43000, 44000, 45000, 46000, 47000, 48000, 49000, 50000, 51000, 52000, 53000, 54000, 55000, 56000, 57000, 58000, 59000, 60000, 61000, 62000, 63000, 64000, 65000, 66000, 67000, 68000, 69000, 70000, 71000, 72000, 73000, 74000, 75000, 76000, 77000, 78000, 79000, 80000, 81000, 82000, 83000, 84000, 85000, 86000, 87000, 88000, 89000, 90000, 91000, 92000, 93000, 94000, 95000, 96000, 97000, 98000, 99000, 100000, 101000, 102000, 103000, 104000, 105000, 106000, 107000, 108000, 109000, 110000, 111000, 112000, 113000, 114000, 115000, 116000, 117000, 118000, 119000, 120000, 121000, 122000, 123000, 124000, 125000, 126000, 127000, 128000, 129000, 130000, 131000, 132000, 133000, 134000, 135000, 136000, 137000, 138000, 139000, 140000, 141000, 142000, 143000, 144000, 145000, 146000, 147000, 148000, 149000, 150000, 151000, 152000, 153000, 154000, 155000, 156000, 157000, 158000, 159000, 160000, 161000, 162000, 163000, 164000, 165000, 166000, 167000, 168000, 169000, 170000, 171000, 172000, 173000, 174000, 175000, 176000, 177000, 178000, 179000, 180000, 181000, 182000, 183000, 184000, 185000, 186000, 187000, 188000, 189000, 190000, 191000, 192000, 193000, 194000, 195000, 196000, 197000, 198000, 199000, 200000]}
  implicit: {'latent/consistency_t0': [0.0027578646317124368, 0.00029349844285802304, 0.00016904290297242082, 0.00014338027355060006, 0.00012418778134960922, 0.00012727949076747497, 0.00012086703736667275, 0.00012248932819758566, 0.00013136483462253555, 0.00011851002172758019, 0.00011545621926173197, 0.0001179115510019876, 0.00010272854218839707, 9.435201983822412e-05, 0.0001043196695744321, 0.00011172997964428873, 0.0001139401244059182, 0.00010469799001360409, 0.00012037086956963134, 0.00010176222497451328, 0.00010269226236343593, 0.00010407064866602276, 0.00011545428647773782, 0.00011112415905793486, 0.00010404894863738142, 0.00011220717423950532, 0.0001229651818176235, 0.00010737854668237533, 0.00012196389612108784, 0.00011160335997415824, 0.00011820360001658783, 0.00011777617280249321, 0.00011594865574897986, 0.00010735179808601425, 0.00011485534442190462, 0.00010531509995324444, 0.00012926266236034116, 0.00011343293026174427, 0.0001222959766986917, 0.0001232214682586605, 0.00011217142730962722, 0.00011779817248819896, 0.00013115665254992702, 0.00012183333576807591, 0.00011717432909453637, 0.0001235131349381911, 0.00013402724776263733, 0.00013457196669722669, 0.00014089661734067972, 0.0001380184056372604, 0.00013507078784682737, 0.0001427644083926889, 0.0001215297506135445, 0.00011812557384295892, 0.00014170881714941266, 0.00013595301943225064, 0.00015172612143629839, 0.0001362396530843526, 0.00013134580316272572, 0.0001263197959801159, 0.00013996768455777042, 0.00013692920357952324, 0.0001443633729415972, 0.00014933657813836544, 0.0001390016181202835, 0.00014141763670776886, 0.00014323338080911315, 0.00014423552846377067, 0.0001374286971072532, 0.00012448721019925376, 0.00014815575278398217, 0.00013233238539537938, 0.0001416512618680369, 0.0001559875411707148, 0.00014213952869593014, 0.00016205403659206278, 0.0001502550569809182, 0.00013442044095119898, 0.00015320339145667085, 0.00017033636468965913, 0.00015061189686752527, 0.0001908641573605463, 0.00015148264224218238, 0.0001446893100791382, 0.00018508570300355558, 0.0001547235052774368, 0.00018217556369999987, 0.00020876405215546073, 0.00014619787748061468, 0.00017943503197531116, 0.00015465285833703003, 0.00016432992951478375, 0.0001887433486257831, 0.0001554542154467467, 0.00016085267099382445, 0.0001677615592617864, 0.00016601198267238168, 0.00018873460555532499, 0.00017906607138065556, 0.0001773934733335273, 0.00016260374814755242, 0.00020730610954752842, 0.00020522000267529105, 0.00019801665868077032, 0.00023068495878791225, 0.00022861260903663287, 0.00018598941180933035, 0.00025714026341372377, 0.00017912629200618322, 0.00022305000520347806, 0.00018078542554463622, 0.0002186272633060034, 0.00021473543208447952, 0.0002825391791295782, 0.0002000848242609329, 0.00022691288436229754, 0.0002059533470135992, 0.00018592079296759638, 0.00019712573861765256, 0.000203980862837201, 0.00019549788353167476, 0.00020470875692211386, 0.00019783472930545165, 0.00022637526107584122, 0.00020181549824981396, 0.0001903745421210212, 0.0001915999629519699, 0.00022601130776524398, 0.0001967731428086897, 0.00026013309893415515, 0.0002082554084335926, 0.00021351233243573775, 0.0002457082847279047, 0.00020965122630899153, 0.00023255243723706558, 0.00020846950304776566, 0.00018104938545859085, 0.00021058726324450327, 0.0001822592513042587, 0.00018152911714702083, 0.00024459566459775103, 0.00019960262212047455, 0.0002161771532970789, 0.00020310259242939345, 0.00020443827757923673, 0.0002364747133036344, 0.00022022925659770381, 0.00019012673420430875, 0.00023115292343335952, 0.00024126801508193502, 0.00020309355382450102, 0.0001893671261573812, 0.0002173575604824779, 0.00023659124876206986, 0.00018713783990071572, 0.0001859874678637153, 0.00018043581370363345, 0.00021018977515460416, 0.00023143177496275704, 0.0002216746817443227, 0.00022536981047969231, 0.00021610608211973813, 0.0002133436437133365, 0.00020984337084556831, 0.00019089784288525767, 0.00023462411717912058, 0.00022057206729497787, 0.00019812505341819693, 0.0002036522179427428, 0.0002490812653744746, 0.00018282501381954117, 0.0002003739549084219, 0.0002023090495155698, 0.00020645015908720874, 0.00022781852117796818, 0.00021442771437588326, 0.00021271551540233768, 0.00020589641517856154, 0.00016442281855054265, 0.0002479978408891569, 0.00020725574432102958, 0.00022844149106150132, 0.00021907727934279347, 0.00020666029265008318, 0.0002029020496612621, 0.0002084728969318731, 0.00020130891611753316, 0.00020848924315466325, 0.0001910209027692146, 0.00020728687964510927, 0.00022520798834229809, 0.00028022409326877305, 0.0002090333286073066, 0.00017736158888646844, 0.00018530532833967698, 0.0002066718593681718, 0.0002641326711317895, 0.000192799938649302, 0.000223563398620329, 0.00023344381647048162], 'latent/consistency_tH': [0.002781972847878933, 0.0002595270726339651, 0.00012254290675980684, 9.365775554587009e-05, 7.895582161877893e-05, 8.175312137065604e-05, 7.75527509153516e-05, 6.770109758658802e-05, 8.3677781225805e-05, 7.93204481064847e-05, 7.317520742064327e-05, 7.080863486755592e-05, 6.955714075858583e-05, 6.360075192305209e-05, 7.298963245593116e-05, 6.720423604667837e-05, 6.714920166200589e-05, 7.41953241916678e-05, 7.406101478957569e-05, 6.36173852815529e-05, 6.297481327985156e-05, 6.749456692910718e-05, 7.221845563413817e-05, 7.179517462062554e-05, 7.219339240499454e-05, 8.004015822353898e-05, 7.894458881091103e-05, 7.188325239064036e-05, 7.636607976061675e-05, 7.227427273324353e-05, 7.813305019498881e-05, 6.506671555690777e-05, 7.4284525745252e-05, 6.419720207770466e-05, 7.463672072916776e-05, 7.33417239188995e-05, 7.822740571103337e-05, 6.953130248428833e-05, 7.344111290690246e-05, 7.367534921251729e-05, 7.41121804329856e-05, 7.529593721495816e-05, 7.475521980235597e-05, 7.312648482848325e-05, 6.823002240918528e-05, 7.31831509023658e-05, 7.541317895352607e-05, 7.366620147036503e-05, 7.052690154035877e-05, 7.796462311537377e-05, 6.764073938151873e-05, 8.104267900485343e-05, 7.288726037186016e-05, 6.761746831569047e-05, 8.555052064040995e-05, 7.253095333481457e-05, 6.965200809406916e-05, 7.930783059406497e-05, 6.679901067990157e-05, 6.963317779452185e-05, 8.432656666273853e-05, 7.395422805238187e-05, 7.777196573369414e-05, 8.511432236303978e-05, 7.345156879829114e-05, 8.616194188201623e-05, 7.693890186598893e-05, 8.604566134969207e-05, 8.204115857934496e-05, 6.572470361386943e-05, 7.488570243910348e-05, 6.845240836929266e-05, 7.573692311990061e-05, 9.021375467496167e-05, 8.93149423366567e-05, 9.496342400068456e-05, 8.111510021504343e-05, 7.704406134305762e-05, 7.667348881472393e-05, 8.876544982470732e-05, 7.486095131703587e-05, 9.608649629014422e-05, 9.419099897513156e-05, 7.488153906760242e-05, 0.00010826914824858706, 8.657757106253126e-05, 0.00010477008144922741, 0.00012374216405336945, 9.284705929664508e-05, 0.00010318133938494245, 8.915026537044194e-05, 8.63411333373286e-05, 0.00010762103546292838, 8.884552482144677e-05, 8.088243686717556e-05, 0.00010143543091002837, 9.397000321873711e-05, 9.02766044258795e-05, 8.71594573154663e-05, 8.605207554436801e-05, 9.52615961605449e-05, 0.00010841903218118962, 0.00012105943907621174, 0.00011433016117057893, 0.00014705956262574144, 0.00014711322594686128, 0.00010968452168214262, 0.00017337318040587185, 0.00011339879420905115, 0.00012630207707767802, 9.984797762164673e-05, 0.00012688583570259217, 0.00012072153977862963, 0.00017576219743443177, 0.0001287681534432858, 0.00012121790134969283, 0.00012276628396236633, 0.000117287901911721, 0.00011213513870456297, 0.00011594017077586527, 0.00010553405818025961, 0.00012543958670821449, 9.474541533500708e-05, 0.00013607759228502475, 0.00012011067476164356, 0.0001029220792796832, 0.00010671555132663422, 0.00013368252708444213, 0.00011178436965643941, 0.00015286463235122992, 0.00012124441947135605, 0.00011295845073206601, 0.0001476279173379655, 0.0001399003312402128, 0.00013188540594953147, 0.00011130813777574087, 8.71784754991153e-05, 0.00010551541267293252, 0.0001105092649582495, 9.228619074812548e-05, 0.0001338248627407256, 0.00011754615153799311, 0.00011008924571923745, 0.00011959773891974383, 0.00010812939499693586, 0.00015149515538950928, 0.00010684539255981096, 0.00011493607499990022, 0.00013427698189670133, 0.00014460776562017527, 0.0001282989089290059, 0.00010649588437961142, 0.00010412107788595795, 0.00012677533176429933, 0.00010072733412392329, 8.938851353439599e-05, 8.989493888455358e-05, 0.00010090128736427734, 0.00012875532854589073, 0.00012462934028445127, 0.00011935483189289594, 0.0001132952245642493, 0.00011506692968052359, 0.00012993720328401275, 0.0001167735536589465, 0.00012376306963941128, 0.00012691430306182317, 0.00011685552414613076, 0.00010298286150538967, 0.00014942902198085393, 9.37641383553456e-05, 0.00012145768574615693, 0.00011385163430849437, 0.00011051035330476061, 0.00013543272238027262, 0.00010589699876159181, 0.00012831658266176146, 0.0001003848836068317, 7.887362590249441e-05, 0.00011629883820595188, 0.00012459599544282634, 0.00013537937940562495, 0.0001177634513104854, 8.9567075632717e-05, 0.00010696956351571772, 0.00010336693445061022, 0.00012813452520574984, 9.891105155183905e-05, 9.881840741715901e-05, 9.669309098319731e-05, 0.00011740541492396528, 0.00013793801338766093, 0.00012066895290318801, 9.569320608077139e-05, 0.00010654086982733918, 0.00010236129415515597, 0.000147731680731082, 9.069425279229874e-05, 0.00011797565012191824, 0.00012126397238240548], 'latent/mppi_elite_value_std': [None, 0.01029909557943861, 0.006847790164628046, 0.019496168545242738, 0.005718651054868294, 0.007926961385314808, 0.018307250117513205, 0.020114763710884522, 0.021864168170925048, 0.018442031693306497, 0.024367420451749135, 0.02808943868542293, 0.013380399746090772, 0.007281749688210316, 0.0096635320161606, 0.012415211017632854, 0.011938031672454056, 0.007637966387926589, 0.009024353707070599, 0.006764990307519609, 0.014147318357906504, 0.0073549321610506405, 0.01034599375040757, 0.010588746867251617, 0.012913034827566072, 0.010278044655274871, 0.0035183948681580136, 0.005160740040059281, 0.011544213067024692, 0.015700783355603962, 0.022744167987447474, 0.010140765724262665, 0.013101886679667772, 0.05754001214138474, 0.051154821479530044, 0.03386997191685448, 0.02190072495258729, 0.009109916031240083, 0.013392187020134609, 0.010756920926911362, 0.02115274655923348, 0.029245400697333418, 0.00818571455044891, 0.03056625788512714, 0.005105086859677517, 0.005560336128018751, 0.012846429036607217, 0.008371087160396239, 0.021809589336979497, 0.006555119624080066, 0.004219541884291459, 0.021140772195822957, 0.009252372889510235, 0.010285588426093135, 0.1029485554862107, 0.07036069174691525, 0.09574523223789565, 0.043737317530371474, 0.0058047794967959095, 0.014605079393725304, 0.040061330539535485, 0.00904667030461829, 0.08985857434694386, 0.006242319750734927, 0.01209872810232319, 0.00636492222376, 0.015294747441368451, 0.010096721274428106, 0.005740705517192799, 0.007565282398388557, 0.023696304328003806, 0.014692264724302576, 0.009090230493592547, 0.02755398580094394, 0.010076945100177403, 0.004383993445263252, 0.025750480672679796, 0.05350141003877207, 0.030958799684656098, 0.009876586437673043, 0.009704442828004919, 0.005239623582963509, 0.029058920664656273, 0.008367250168569422, 0.030519179676278374, 0.023514487586542315, 0.023146922588073437, 0.012641626197083452, 0.05381439807761189, 0.007222324383985809, 0.004835712753295006, 0.013521928441783298, 0.004571473082971018, 0.05198374454196627, 0.050867419924973886, 0.005128859754959932, 0.004566752558171381, 0.012767895281394888, 0.024192678009671505, 0.00488816071966287, 0.009922072593032079, 0.02036034711068259, 0.008848991863912775, 0.004039059096244954, 0.04260679358652961, 0.026495632822309666, 0.005288654760342021, 0.02510542125952838, 0.005605320894719215, 0.00853410615059929, 0.020443256680592582, 0.029216671012399574, 0.04842596661009515, 0.0043314307404508446, 0.07820758052075263, 0.009439457808087456, 0.006194549583285678, 0.015476037242727, 0.018061092132289992, 0.019759894007509715, 0.04517545164958474, 0.01601311779128781, 0.008085572103357041, 0.05080394579053492, 0.04206155284854531, 0.010413511066754358, 0.0061005458143303425, 0.05227586265789269, 0.02867261955828771, 0.029118152857465388, 0.006209092839882249, 0.0032823122680266372, 0.009816797736604266, 0.015445226187907871, 0.005231840509320252, 0.016580916177990877, 0.004961142789016072, 0.013149748450186599, 0.06756580686823228, 0.0037477742908221677, 0.0049710720363752405, 0.0033746629588649593, 0.015569904657807077, 0.08042010223720804, 0.014176882290264571, 0.006509331176583024, 0.002904639911621906, 0.03134239491482983, 0.004159001519552473, 0.02589298127909902, 0.026935274284882352, 0.004001917682190097, 0.004499315369076116, 0.026543157009834416, 0.012544735691989632, 0.05143286324165822, 0.006882429726276292, 0.0198527370130881, 0.013166966973252986, 0.004113021306076561, 0.00824857911741116, 0.06385707176392891, 0.04240812662257099, 0.024795761409145835, 0.042907352233623734, 0.05677619478349907, 0.032151500083141646, 0.08447584759953249, 0.024785853017000814, 0.013022454826894429, 0.004598738245550767, 0.0043859262616966505, 0.0035646029490214843, 0.0034118331884505377, 0.004667372381317446, 0.004209887517135886, 0.02386005053039309, 0.011798423802532921, 0.03535161494510517, 0.0038874682331160003, 0.004507494124403988, 0.004451703348850171, 0.014998129273070595, 0.005833983980707034, 0.0070480686255804045, 0.0306388817008537, 0.00406643940517768, 0.011307828024803283, 0.010467916824682993, 0.002874854306348227, 0.042339016777058446, 0.02457466570379169, 0.0069668118657434715, 0.0037446549015039744, 0.0556654878594563, 0.0035332568207349247, 0.013266218923956262, 0.0488325270692679, 0.004790262579873802, 0.008713736908734185], 'latent/mppi_plan_std': [None, 0.29529279034769806, 0.30906693455630846, 0.28051245977227907, 0.09837814980264865, 0.15493320683916262, 0.3023804334750557, 0.2988951921229787, 0.3112959476798455, 0.31003986715665727, 0.31263669066387795, 0.3279232453810275, 0.1732775174058176, 0.12782835922166877, 0.19775776493018188, 0.21082658383626843, 0.22683749027062555, 0.297493115906832, 0.1313278922421381, 0.30966629956192127, 0.0697613315223375, 0.30697324631717215, 0.2613805242122506, 0.2670240247013533, 0.24679348627915706, 0.1669974042700014, 0.21926589268335828, 0.3145522353425353, 0.20290547835111297, 0.28909116793398365, 0.15130064630666817, 0.2920797438241579, 0.29036197916774925, 0.1748676081070926, 0.3053984686679324, 0.27621883854767737, 0.3032088393549942, 0.0653515431321859, 0.3049558958777486, 0.29687844393891516, 0.20208934724520417, 0.3023936883468064, 0.29725596606111987, 0.2848596515148647, 0.22606934190956599, 0.3009452463149464, 0.2962299530094901, 0.3051174105359898, 0.23576172155002106, 0.3066402037764501, 0.11336291826747188, 0.30914951288970627, 0.31763650367062307, 0.1447374927379513, 0.327016975552268, 0.2826755433434427, 0.2810894121824416, 0.2823723576733702, 0.293019772941396, 0.30968736072661773, 0.29233720876455094, 0.2995138313457677, 0.3030857136688195, 0.2057434698209891, 0.31662051888044435, 0.1699941818786064, 0.30054059753367734, 0.28434902564091913, 0.20967112536196975, 0.31371981412849825, 0.2786747159905225, 0.13758031114235836, 0.29844840423556235, 0.30528480606573644, 0.1534509033078809, 0.28425735940511493, 0.2981970631243633, 0.31689583838564334, 0.2354967729233714, 0.29691879529485254, 0.20123877207567795, 0.21949353431093951, 0.27936860918376566, 0.1621510858249731, 0.2903337605155516, 0.2997030262927615, 0.2724641893141144, 0.2995672028005272, 0.31349005121587153, 0.30518293174583117, 0.11662876070982216, 0.28168745394558137, 0.19518312620105618, 0.20909466358529438, 0.2818131937237441, 0.15664990733453274, 0.18066045915115972, 0.29909068208227946, 0.3021584968653414, 0.2974512157526334, 0.3132206163584986, 0.2694525388840475, 0.31378162016032524, 0.22668623916887634, 0.2990744181253323, 0.3107602086017435, 0.25352035112118004, 0.2967345822373118, 0.2674715079005581, 0.3047254658909693, 0.28722363712411947, 0.2566291280576162, 0.2986701582044853, 0.19790517381229097, 0.3091071223105887, 0.22646975506684058, 0.270019743258072, 0.21313088238686667, 0.1778597756305565, 0.3272252187314107, 0.31837960468795706, 0.30593840738653766, 0.2605202337350834, 0.24298901770349524, 0.30243373987050975, 0.30922334703447885, 0.19290103123657665, 0.30572280405576785, 0.1701299247176017, 0.29533195968403114, 0.22281371556215873, 0.14817118106576793, 0.2580724537489981, 0.2976227288448413, 0.08369096567091026, 0.25459978098907776, 0.26187512733030177, 0.26112070029593776, 0.265190270005645, 0.16806118171996606, 0.2875663811387832, 0.24338479396413698, 0.2929118472994303, 0.3126698170341778, 0.29831848465323524, 0.12960101124869639, 0.1749708981088753, 0.30809618356472934, 0.19790525875039694, 0.248388867442276, 0.290109832177345, 0.17895624533830193, 0.29092018736605524, 0.2810744189338379, 0.3212228832389296, 0.17583754098765117, 0.1702740395632106, 0.3037024859463883, 0.30113433300156944, 0.2928119735772823, 0.2958158057113997, 0.31701465848598276, 0.2932783019818589, 0.2954333465621288, 0.25888397400104407, 0.30240473907634186, 0.2690894422772373, 0.31997779362337253, 0.3116139591241768, 0.2895009073562151, 0.2746915360203917, 0.28269397983843897, 0.26386867347306986, 0.2845518781641224, 0.2766387689704567, 0.2214177840244682, 0.3039030714569615, 0.2978244968913229, 0.3199568396839547, 0.17465771694227578, 0.19680417488732962, 0.18044750384461997, 0.19618341012314924, 0.1517793501364054, 0.2066778576331264, 0.29837170632270077, 0.2290842164679569, 0.28479373214609066, 0.3103437090311669, 0.12427985492574828, 0.30109854908750866, 0.31437757074739364, 0.2968446477537014, 0.31196973227046904, 0.310842854133754, 0.16049349442141447, 0.300746152687315, 0.3262704367159077, 0.1508161355072128, 0.14666642083532594], 'latent/z_active_frac': [0.096875, 0.999999999999937, 0.9999999999999994, 0.9999999999999994, 0.9999999999999994, 0.9999999999999994, 0.9999999999999994, 0.9999999999999994, 0.9999999999999994, 0.9999999999999994, 0.9999999999999994, 0.9999999999999994, 0.9999999999999994, 0.9999999999999994, 0.9999999999999994, 0.9999999999999994, 0.9999999999999994, 0.9999999999999994, 0.9999999999999994, 0.9999999999999994, 0.9999999999999994, 0.9999999999999994, 0.9999999999999994, 0.9999999999999994, 0.9999999999999994, 0.9999999999999994, 0.9999999999999994, 0.9999999999999994, 0.9999999999999994, 0.9999999999999994, 0.9999999999999994, 0.9999999999999994, 0.9999999999999994, 0.9999999999999994, 0.9999999999999994, 0.9999999999999994, 0.9999999999999994, 0.9999999999999994, 0.9999999999999994, 0.9999999999999994, 0.9999999999999994, 0.9999999999999994, 0.9999999999999994, 0.9999999999999994, 0.9999999999999994, 0.9999999999999994, 0.9999999999999994, 0.9999999999999994, 0.9999999999999994, 0.9999999999999994, 0.9999999999999994, 0.9999999999999994, 0.9999999999999994, 0.9999999999999994, 0.9999999999999994, 0.9999999999999994, 0.9999999999999994, 0.9999999999999994, 0.9999999999999994, 0.9999999999999994, 0.9999999999999994, 0.9999999999999994, 0.9999999999999994, 0.9999999999999994, 0.9999999999999994, 0.9999999999999994, 0.9999999999999994, 0.9999999999999994, 0.9999999999999994, 0.9999999999999994, 0.9999999999999994, 0.9999999999999994, 0.9999999999999994, 0.9999999999999994, 0.9999999999999994, 0.9999999999999994, 0.9999999999999994, 0.9999999999999994, 0.9999999999999994, 0.9999999999999994, 0.9999999999999994, 0.9999999999999994, 0.9999999999999994, 0.9999999999999994, 0.9999999999999994, 0.9999999999999994, 0.9999999999999994, 0.9999999999999994, 0.9999999999999994, 0.9999999999999994, 0.9999999999999994, 0.9999999999999994, 0.9999999999999994, 0.9999999999999994, 0.9999999999999994, 0.9999999999999994, 0.9999999999999994, 0.9999999999999994, 0.9999999999999994, 0.9999999999999994, 0.9999999999999994, 0.9999999999999994, 0.9999999999999994, 0.9999999999999994, 0.9999999999999994, 0.9999999999999994, 0.9999999999999994, 0.9999999999999994, 0.9999999999999994, 0.9999999999999994, 0.9999999999999994, 0.9999999999999994, 0.9999999999999994, 0.9999999999999994, 0.9999999999999994, 0.9999999999999994, 0.9999999999999994, 0.9999999999999994, 0.9999999999999994, 0.9999999999999994, 0.9999999999999994, 0.9999999999999994, 0.9999999999999994, 0.9999999999999994, 0.9999999999999994, 0.9999999999999994, 0.9999999999999994, 0.9999999999999994, 0.9999999999999994, 0.9999999999999994, 0.9999999999999994, 0.9999999999999994, 0.9999999999999994, 0.9999999999999994, 0.9999999999999994, 0.9999999999999994, 0.9999999999999994, 0.9999999999999994, 0.9999999999999994, 0.9999999999999994, 0.9999999999999994, 0.9999999999999994, 0.9999999999999994, 0.9999999999999994, 0.9999999999999994, 0.9999999999999994, 0.9999999999999994, 0.9999999999999994, 0.9999999999999994, 0.9999999999999994, 0.9999999999999994, 0.9999999999999994, 0.9999999999999994, 0.9999999999999994, 0.9999999999999994, 0.9999999999999994, 0.9999999999999994, 0.9999999999999994, 0.9999999999999994, 0.9999999999999994, 0.9999999999999994, 0.9999999999999994, 0.9999999999999994, 0.9999999999999994, 0.9999999999999994, 0.9999999999999994, 0.9999999999999994, 0.9999999999999994, 0.9999999999999994, 0.9999999999999994, 0.9999999999999994, 0.9999999999999994, 0.9999999999999994, 0.9999999999999994, 0.9999999999999994, 0.9999999999999994, 0.9999999999999994, 0.9999999999999994, 0.9999999999999994, 0.9999999999999994, 0.9999999999999994, 0.9999999999999994, 0.9999999999999994, 0.9999999999999994, 0.9999999999999994, 0.9999999999999994, 0.9999999999999994, 0.9999999999999994, 0.9999999999999994, 0.9999999999999994, 0.9999999999999994, 0.9999999999999994, 0.9999999999999994, 0.9999999999999994, 0.9999999999999994, 0.9999999999999994, 0.9999999999999994, 0.9999999999999994, 0.9999999999999994, 0.9999999999999994], 'latent/encoder_grad_norm': [0.018325365383456936, 0.03262567115124795, 0.0444119418715901, 0.039885216354585834, 0.04678377417342994, 0.08832380256427912, 0.06411332642943295, 0.11077216146892441, 0.13848921680013157, 0.07395682140407898, 0.14153306945919447, 0.12965439504474568, 0.13453846560130775, 0.16164871196171474, 0.10391956837656464, 0.09323790125241886, 0.13823446575525974, 0.10427965039995868, 0.10878936762538481, 0.10090698142304812, 0.10172436291657366, 0.11486116765578015, 0.09772899706195375, 0.1071979150001868, 0.10193614884195717, 0.10276112521366129, 0.09690634627159303, 0.09840523610054527, 0.10563719877035732, 0.12439167408356251, 0.1051468690121946, 0.13054384399477958, 0.11530153814455348, 0.12267102180680106, 0.08448787226960494, 0.0723582907941348, 0.0988148592802163, 0.09534944746536568, 0.12106728437198924, 0.1031815919440423, 0.09951743403505, 0.14112390328997715, 0.09314528993126273, 0.11073324158494409, 0.1145557034936586, 0.0749632864983221, 0.10507832329629886, 0.08785686650540811, 0.12226254097262229, 0.121265903227756, 0.09690797668399437, 0.11996150085957111, 0.08785440327153154, 0.11598206208283468, 0.09039994147357816, 0.11432987666965137, 0.11957086586123812, 0.09650266369376821, 0.09537785288697978, 0.08111864162425599, 0.08489659418609496, 0.11229999158922456, 0.11739758816680104, 0.12551334868064873, 0.0975799043406027, 0.12046410157465084, 0.10488934204871014, 0.1025210114364197, 0.09045419720404917, 0.09093998114069145, 0.08834105664811653, 0.10424236717480721, 0.07778281956696438, 0.0916863048360106, 0.08680119533150396, 0.1043239446571076, 0.10733917169595406, 0.07023227382930128, 0.12934395623963302, 0.09281966827232288, 0.08027070653697223, 0.09903203302363292, 0.09296519572663692, 0.0791891444564523, 0.08233371866195163, 0.08517005229960925, 0.09053413176047463, 0.11042912557189803, 0.10331055318912295, 0.10975751428439634, 0.08223842225289585, 0.08115497518621975, 0.11663336559245113, 0.08754284249112917, 0.09025370329243312, 0.07658161297367469, 0.08009387629036717, 0.08504839615603016, 0.07043011905356693, 0.08372515940001564, 0.06901435203697424, 0.1037282644822559, 0.08346209364498096, 0.10766772537087954, 0.09931226890051506, 0.08372441398950507, 0.08022116120552794, 0.0853923154695842, 0.07537507993778009, 0.08458913455945236, 0.08213115180956629, 0.062385024975036854, 0.08458458334827178, 0.07825022652029685, 0.08055546216069764, 0.08404104562701648, 0.06835410761287983, 0.06638042796226122, 0.08484966015944605, 0.07183832697064126, 0.06995157186223391, 0.07644895925272822, 0.06496577513889029, 0.07721823785642011, 0.07833900819376097, 0.08118641547622346, 0.08671222769472538, 0.09702322600785523, 0.08315409419569038, 0.07691225954659744, 0.0806239544102487, 0.06831292489042692, 0.11349915083615404, 0.07631084614895813, 0.07226670535706692, 0.07292450129982592, 0.061210652480934415, 0.07355214501548851, 0.06412094673220643, 0.06343211333277583, 0.08231896618527743, 0.07623353097100985, 0.07280519365513782, 0.06507646873841981, 0.07065244294877596, 0.06789038508215782, 0.08212396236665392, 0.06415981659174645, 0.07636479639350247, 0.07908983998920739, 0.06599008323197943, 0.06699085946829395, 0.07367282276577347, 0.07509635239342392, 0.06716549092782764, 0.056000786623361665, 0.07164464647168041, 0.05963791057843622, 0.07143096317043063, 0.07059410946973499, 0.06508851870289424, 0.07243315841845864, 0.07100767467814101, 0.08923540652443444, 0.08330609542656639, 0.062360578571511574, 0.06459624873772175, 0.07313291688371537, 0.06699773499249748, 0.08538125678463138, 0.06292686623135844, 0.07410633992972822, 0.0641798280506294, 0.06798425214794913, 0.06802285371614863, 0.06941840514639541, 0.07402457148559785, 0.07104429698934893, 0.05318849677233165, 0.06664614224887391, 0.06329933859835467, 0.06758219151498614, 0.07279133113550369, 0.05739069901247629, 0.0568225151568748, 0.06791290839658246, 0.05103325077369607, 0.06950896001098246, 0.06807445273188306, 0.06949823084138884, 0.06580540083641535, 0.07825139708092801, 0.06384925264951079, 0.052381231911359585, 0.07337197096807822, 0.07174010853602891, 0.06877737263753066, 0.0597113215117471, 0.07420182168031515, 0.07439230208809593], 'step': [1000, 2000, 3000, 4000, 5000, 6000, 7000, 8000, 9000, 10000, 11000, 12000, 13000, 14000, 15000, 16000, 17000, 18000, 19000, 20000, 21000, 22000, 23000, 24000, 25000, 26000, 27000, 28000, 29000, 30000, 31000, 32000, 33000, 34000, 35000, 36000, 37000, 38000, 39000, 40000, 41000, 42000, 43000, 44000, 45000, 46000, 47000, 48000, 49000, 50000, 51000, 52000, 53000, 54000, 55000, 56000, 57000, 58000, 59000, 60000, 61000, 62000, 63000, 64000, 65000, 66000, 67000, 68000, 69000, 70000, 71000, 72000, 73000, 74000, 75000, 76000, 77000, 78000, 79000, 80000, 81000, 82000, 83000, 84000, 85000, 86000, 87000, 88000, 89000, 90000, 91000, 92000, 93000, 94000, 95000, 96000, 97000, 98000, 99000, 100000, 101000, 102000, 103000, 104000, 105000, 106000, 107000, 108000, 109000, 110000, 111000, 112000, 113000, 114000, 115000, 116000, 117000, 118000, 119000, 120000, 121000, 122000, 123000, 124000, 125000, 126000, 127000, 128000, 129000, 130000, 131000, 132000, 133000, 134000, 135000, 136000, 137000, 138000, 139000, 140000, 141000, 142000, 143000, 144000, 145000, 146000, 147000, 148000, 149000, 150000, 151000, 152000, 153000, 154000, 155000, 156000, 157000, 158000, 159000, 160000, 161000, 162000, 163000, 164000, 165000, 166000, 167000, 168000, 169000, 170000, 171000, 172000, 173000, 174000, 175000, 176000, 177000, 178000, 179000, 180000, 181000, 182000, 183000, 184000, 185000, 186000, 187000, 188000, 189000, 190000, 191000, 192000, 193000, 194000, 195000, 196000, 197000, 198000, 199000, 200000]}
  implicit_horizon_degradation_ratio: [1.0087, 0.8843, 0.7249, 0.6532, 0.6358, 0.6423]...

--- cross_agent_cca_timeline ---
  shared_steps: [10000, 20000, 30000, 40000, 50000, 60000]...
  mean_canonical_corr: [0.5041, 0.5056, 0.5021, 0.5131, 0.5094, 0.5011]...
  top1_canonical_corr: [0.594, 0.6013, 0.5664, 0.5777, 0.5745, 0.582]...

