Latent Space Analysis Report
==================================================

--- snapshot_geometry ---
  explicit_steps: [10000, 20000, 30000, 40000, 50000, 60000]...
  explicit_participation_ratio: [46.5042, 44.8087, 41.7041, 39.7925, 37.0519, 36.5204]...
  explicit_dims_95pct: [51, 51, 51, 50, 50, 50]...
  explicit_dead_unit_frac: [0.0, 0.0, 0.0, 0.0, 0.0, 0.0]...
  explicit_median_r2: [0.4838, 0.6153, 0.6456, 0.6268, 0.5012, 0.5588]...
  implicit_steps: [10000, 20000, 30000, 40000, 50000, 60000]...
  implicit_participation_ratio: [4.9689, 5.3404, 5.4961, 5.3229, 5.3655, 5.2643]...
  implicit_dims_95pct: [9, 10, 11, 10, 10, 9]...
  implicit_dead_unit_frac: [0.0, 0.0, 0.0, 0.0, 0.0312, 0.0312]...
  implicit_median_r2: [0.9734, 0.9351, 0.9678, 0.9286, 0.9589, 0.9809]...

--- metrics_timeline ---
  explicit: {'wm/kl_active_vars': [3.2087460819686555, 3.787596115842904, 3.75034378434182, 3.383848178123672, 4.230363350896756, 5.3889642861131435, 6.918887991306064, 7.127464237890898, 6.719352172107847, 6.148108233090031, 5.968395754605105, 5.635497344172689, 5.474466451311762, 5.557211697440826, 5.771878429033865, 5.829932070955964, 5.867343115752421, 5.937819279912118, 5.779723687031982, 5.781747060549381, 5.920815240792177, 5.859282804253853, 5.971027577262644, 5.894631351574775, 5.937428255719604, 5.906117032732974, 5.95122223701749, 5.433307270158489, 4.1952236302703865, 3.563936449600672, 3.1161095140377206, 2.1028261876031147, 2.5861742394696514, 1.9963208140848372, 1.8162169543026017, 1.7395927089724095, 2.007324757391915, 1.2242102194302769, 1.5946657735639405, 1.1712867367844548, 1.0599827317825152, 0.7612815479047317, 0.7072232653335006, 0.7819463587562498, 0.8372900350422675, 0.40931715744249464, 0.25612420903466, 0.42954710455988354, 0.1432317798906966, 0.06823220221362714, 0.2462500472781283, 0.0507007010124547, 0.10558576325650199, 0.019565255096962914, 0.004028312521634299, 0.11133556765242422, 0.020630705459722214, 0.004247679303013464, 0.0007871035504252067, 0.025580715924362778, 0.03960800231531282, 0.007339442793036516, 0.09238753718560222, 0.01711959716032212, 0.03455335552530876, 0.007114229486774718, 0.001318281086711863, 0.00027142238536206973, 5.029511597822397e-05, 0.04783900978653084, 0.00984962788323583, 0.0018251559320314023, 0.0003382050789856889, 6.963342659252369e-05, 0.1729129032145295, 0.18503963778296303, 0.03428821845496625, 0.006353676103681475, 0.16406996056901077, 0.11219126483185028, 0.052170327483624226, 0.042122467396352, 0.007805378248969369, 0.0016070581641072536, 0.0002977911222749918, 5.51812961636407e-05, 1.1361339537582105e-05, 2.105279153554029e-06, 0.5000003901124774, 0.39319108563602434, 0.11160115087601265, 0.022977687296927982, 0.004257811845433205, 0.059837981130992035, 0.0123201096773182, 0.0022829411960939585, 0.00042303361263236754, 8.709886941896737e-05, 1.613959634595168e-05, 0.056489230295963255, 0.1914675684191121, 0.1423580169790986, 0.3003102532785759, 0.3186240018888671, 0.05904167081528381, 0.012156156444918385, 0.00225256033112752, 0.0004637821966873426, 8.593977736917017e-05, 1.5924814249050494e-05, 3.278778034134005e-06, 6.075641892014267e-07, 1.1258287086136436e-07, 2.3179814736111988e-08, 0.10000000429526647, 0.043465906548783184, 0.008054320236164272, 0.001492481800509033, 0.03904933766753747, 0.15191236889973686, 0.028149668650752108, 0.005795767146592605, 0.0010739673532520326, 0.00022112035419375486, 0.04308769504804872, 0.07423314050051262, 0.015283945336591687, 0.0028321459274012356, 0.0005248023581249011, 0.00010805215164027734, 0.09002002228184383, 0.01853432429879435, 0.003434447711239319, 0.3445364100946483, 0.07093699152221343, 0.013144767742707343, 0.0024357520005005165, 0.0005014997368848576, 0.39575192891371513, 0.10435860512764693, 0.27323786021819474, 0.20244064034376416, 0.1316807326223433, 0.06314275450320037, 0.01170047988741458, 0.0024090250500704603, 0.0004463972053230381, 9.190922596784783e-05, 0.07655543535147702, 0.07380988998436294, 0.015196801808661986, 0.0028159980557430847, 0.0005218101249059472, 0.00010743607735533571, 1.9908122035048526e-05, 0.031385158514783684, 0.11373519723117197, 0.02107536166524077, 0.004339230072560591, 0.0008040680928527815, 0.00014899544092678016, 0.028273630488109366, 0.00523916081066036, 0.0010786967505327808, 0.0001998846856386121, 3.703903579306521e-05, 7.626009011128424e-06, 1.4131148657987035e-06, 2.618530375491659e-07, 5.3913218343420434e-08, 9.990228203633552e-09, 2.0568993947300046e-09, 3.8114761048718335e-10, 7.062742171653883e-11, 1.4541559814144386e-11, 2.6945803913006185e-12, 4.993111865564341e-13, 1.0280374546762676e-13, 1.9049741584109837e-14, 3.922172860862889e-15, 7.26786549534572e-16, 0.09087641100000016, 0.01871064714148865, 0.038334964699966154, 0.007103546352795996, 0.0014625572004639833, 0.00027101480198103906, 5.579954439428329e-05, 1.0339768229134153e-05, 1.915979927663444e-06, 3.944832763772503e-07, 7.309854752914656e-08, 1.354530843472545e-08, 2.7888588881968224e-09, 5.167811823687612e-10, 1.0640066268311552e-10, 1.9716257605902782e-11, 3.6534623392341524e-12, 7.522154970900844e-13, 1.3938705024751503e-13], 'wm/kl_min_var': [0.05041855847132958, 0.03406068966234718, 0.047811965879188206, 0.04965427023017342, 0.04210525311661994, 0.05943915808613624, 0.0903807335999799, 0.08982531518889077, 0.08054438377280278, 0.06967235992348204, 0.061352681348104156, 0.057579178163852524, 0.05559035174414924, 0.058076090421566647, 0.058563273624614214, 0.06039398165337928, 0.06057058768072951, 0.06339663758954803, 0.06245854896334328, 0.06304925241497125, 0.06348153200560389, 0.06466208294969404, 0.06472595378319265, 0.06340367173954707, 0.06314187147709992, 0.06285745037089395, 0.06043920114118491, 0.056063744390483665, 0.0543850641594415, 0.05201020925700596, 0.05043337179912805, 0.05148049575592332, 0.05351469446967351, 0.0532719505248096, 0.051679445834553764, 0.053091750149272574, 0.053965014543825886, 0.05472206219670665, 0.05572474723844899, 0.055881961312545705, 0.055453519863251304, 0.05644807424443024, 0.0582842439785744, 0.05747929012470196, 0.05909867512888646, 0.05826012076929836, 0.05928081103705483, 0.058810322658328563, 0.056894091529592815, 0.058681238525876867, 0.059368765467503005, 0.05800214385580306, 0.06146530625925733, 0.059156517616373146, 0.0579138118050197, 0.059385130346172356, 0.05665066139588922, 0.05783290789429261, 0.059150401409689454, 0.05890764660773833, 0.05953437682857569, 0.05873520098755409, 0.05863579989732337, 0.05970083679143588, 0.06121502145628387, 0.060579192267633024, 0.056441438359269167, 0.05851326171948469, 0.05752882470858736, 0.05783520830319578, 0.060191888476663895, 0.06006924404647709, 0.05927184373051608, 0.06261032687746593, 0.06203126302717806, 0.06051981304611746, 0.05420578434394374, 0.057087785277084906, 0.05647162455891651, 0.056949392530735235, 0.05594399904440356, 0.05991416003798678, 0.05840613629734199, 0.05679555864815441, 0.05451764024532048, 0.054232745412431185, 0.053871430134647694, 0.05236380154827267, 0.0610361467779157, 0.06114458798732177, 0.05956400858028344, 0.056692846492645735, 0.054774631004568655, 0.05407853857442925, 0.05684348840564875, 0.05426712944842257, 0.060484528101458664, 0.06022222628189885, 0.060092345770492196, 0.0579725382910672, 0.055855146412246016, 0.05295145172237768, 0.0523663610190208, 0.05982747038882852, 0.053088292778486784, 0.05087896983174671, 0.048549380040968995, 0.0511787720044998, 0.05295933865634125, 0.05216686757561483, 0.05326269088748264, 0.05046662399605705, 0.05241498047859139, 0.056217032632802894, 0.05460473600144705, 0.051780591274930454, 0.051501605877145765, 0.0507226061304078, 0.04927972157521837, 0.05180531444089605, 0.05438543532684459, 0.05113611326231384, 0.050401912361404594, 0.05243141961321199, 0.05283241415739529, 0.05150093878129451, 0.05321903791983355, 0.05073798401827316, 0.04976600750003678, 0.05039204552304805, 0.05434566431864096, 0.05321579041329364, 0.0543366733291064, 0.05530605110419956, 0.0502581741623989, 0.05421354152732621, 0.05261565597021947, 0.050493970330698086, 0.049313434062901625, 0.049440154889599644, 0.04873143344357655, 0.050201021273233774, 0.04982642111595111, 0.04768000080375271, 0.04707844480821568, 0.04741950878973787, 0.049575697884839204, 0.05071811866710899, 0.049913804478468625, 0.0481720669374127, 0.04726220088075667, 0.047831029010872474, 0.046101124620031936, 0.0471326706587058, 0.04950552259457848, 0.048147820221836696, 0.05128031247733432, 0.0484689725914818, 0.0470270968058313, 0.04774710367701563, 0.048960074468144626, 0.04709475002165433, 0.050676340240965005, 0.04899350935592088, 0.04795812172951718, 0.04522971574022197, 0.04642530806741669, 0.04383189136076887, 0.04568791967313651, 0.0446534692007092, 0.04482841018559339, 0.04272356060862473, 0.04410783001735325, 0.04569807960962972, 0.04685058487908762, 0.048134713797075755, 0.045875281601010454, 0.04778710318333333, 0.04685909135588296, 0.04471942235102026, 0.046937027319930436, 0.04646368249245355, 0.046678085606068086, 0.04755092457511343, 0.044288322429811795, 0.04389247768567701, 0.04220659322490468, 0.041949832280093045, 0.044571867416750066, 0.0467179553752045, 0.046897853215146106, 0.04649819241711896, 0.04602219495668339, 0.045101615957396375, 0.047958433640559496, 0.04888531432380251, 0.04500213794050078, 0.046432707512852264, 0.043406312113779176, 0.045149990777083426], 'latent/z_active_frac': [0.7941088679053511, 0.9576088417247838, 0.992144832788721, 0.998382690730077, 0.9997003093271215, 0.9999444667132745, 0.999988566188727, 0.9999978812916875, 0.9999996073990722, 0.9999999191669505, 0.9999999850214727, 0.999999996916054, 0.9999999994285386, 0.9999999998941071, 0.9999999999781978, 0.9999999999959599, 0.9999999999992513, 0.9999999999998457, 0.9999999999999714, 0.9999999999999941, 0.9999999999999988, 0.9999999999999994, 0.9999999999999994, 0.9999999999999994, 0.9999999999999994, 0.9999999999999994, 0.9999999999999994, 0.9999999999999994, 0.9999999999999994, 0.9999999999999994, 0.9999999999999994, 0.9999999999999994, 0.9999999999999994, 0.9999999999999994, 0.9999999999999994, 0.9999999999999994, 0.9999999999999994, 0.9999999999999994, 0.9998654784837179, 0.9999750728914494, 0.9999953809564605, 0.9999990489798963, 0.9999998237740548, 0.9999999637166406, 0.9999999932766203, 0.9999999987541441, 0.9999999997434893, 0.9999999999524679, 0.9999999999911923, 0.9999999999981866, 0.9999999999996639, 0.9999999999999307, 0.9999999999999872, 0.9999999999999976, 0.9999999999999994, 0.9999999999999994, 0.9999999999999994, 0.9999999999999994, 0.9999999999999994, 0.9999999999999994, 0.9999999999999994, 0.9999999999999994, 0.9999999999999994, 0.9999999999999994, 0.9999999999999994, 0.9999999999999994, 0.9999999999999994, 0.9999999999999994, 0.9999999999999994, 0.9999999999999994, 0.9999999999999994, 0.9999999999999994, 0.9999999999999994, 0.9999999999999994, 0.9999999999999994, 0.9999999999999994, 0.9999999999999994, 0.9999999999999994, 0.9999999999999994, 0.9999999999999994, 0.9999999999999994, 0.9999999999999994, 0.9999999999999994, 0.9999999999999994, 0.9999999999999994, 0.9999999999999994, 0.9999999999999994, 0.9999999999999994, 0.9997721866309639, 0.9999530952475428, 0.9999913084546742, 0.9999982104878932, 0.9999996683997938, 0.9999999385538123, 0.9999999873487747, 0.9999999976557025, 0.9999999995655969, 0.9999999999105601, 0.9999999999834267, 0.9999999999965876, 0.9999999999993676, 0.9999999999998829, 0.9999999999999758, 0.9999999999999954, 0.9999999999999991, 0.9999999999999994, 0.9999999999999994, 0.9999999999999994, 0.9999999999999994, 0.9999999999999994, 0.9999999999999994, 0.9999999999999994, 0.9999999999999994, 0.9999999999999994, 0.9999999999999994, 0.9999999999999994, 0.9999999999999994, 0.9999999999999994, 0.9999999999999994, 0.9999999999999994, 0.9999999999999994, 0.9999999999999994, 0.9999999999999994, 0.9999999999999994, 0.9999999999999994, 0.9999999999999994, 0.9999999999999994, 0.9999999999999994, 0.9999999999999994, 0.9999999999999994, 0.9999999999999994, 0.9999999999999994, 0.9999999999999994, 0.9999999999999994, 0.9999999999999994, 0.9999999999999994, 0.9999999999999994, 0.9999999999999994, 0.9999999999999994, 0.9999999999999994, 0.9999999999999994, 0.9999999999999994, 0.9999999999999994, 0.9999999999999994, 0.9999999999999994, 0.9999999999999994, 0.9998654784837179, 0.9998377816964397, 0.9999699406208501, 0.999994429936357, 0.9999988531732906, 0.9999997874906953, 0.9999999606215969, 0.9999999918923359, 0.9999999984976333, 0.9999999996906759, 0.9999999999426815, 0.9999999999893787, 0.9999999999978132, 0.9999999999995948, 0.9999999999999248, 0.9999999999999845, 0.999999999999997, 0.9999999999999994, 0.9999999999999994, 0.9999999999999994, 0.9999999999999994, 0.9999999999999994, 0.9999999999999994, 0.9997067084010351, 0.9999456524745897, 0.9999888103264667, 0.9999979265309036, 0.9999996157819901, 0.9999999208929189, 0.9999999853412982, 0.999999997283713, 0.9999999994407405, 0.9998910374681798, 0.9998564962163139, 0.9999734084591652, 0.9999156389236488, 0.9996701296103923, 0.9998408081654657, 0.9999705014316707, 0.9998594049900895, 0.9999739474608185, 0.9999946360132139, 0.9999990060424192, 0.9999998158176535, 0.9999999620784882, 0.9999999929730672, 0.9999999986978951, 0.9999999997319081, 0.9999999999503221, 0.9999999999897717, 0.9999999999981046, 0.9999999999996487, 0.9999999999999275, 0.9999356587757656], 'latent/encoder_grad_norm': [None, None, None, None, None, None, None, None, None, None, None, None, None, None, None, None, None, None, None, None, None, None, None, None, None, None, None, None, None, None, None, None, None, None, None, None, None, None, None, None, None, None, None, None, None, None, None, None, None, None, None, None, None, None, None, None, None, None, None, None, None, None, None, None, None, None, None, None, None, None, None, None, None, None, None, None, None, None, None, None, None, None, None, None, None, None, None, None, None, None, None, None, None, None, None, None, None, None, None, None, None, None, None, None, None, None, None, None, None, None, None, None, None, None, None, None, None, None, None, None, None, None, None, None, None, None, None, None, None, None, None, None, None, None, None, None, None, None, None, None, None, None, None, None, None, None, None, None, None, None, None, None, None, None, None, None, None, None, None, None, None, None, None, None, None, None, None, None, None, None, None, None, None, None, None, None, None, None, None, None, None, None, None, None, None, None, None, None, None, None, None, None, None, None, None, None, None, None, None, None], 'step': [1000, 2000, 3000, 4000, 5000, 6000, 7000, 8000, 9000, 10000, 11000, 12000, 13000, 14000, 15000, 16000, 17000, 18000, 19000, 20000, 21000, 22000, 23000, 24000, 25000, 26000, 27000, 28000, 29000, 30000, 31000, 32000, 33000, 34000, 35000, 36000, 37000, 38000, 39000, 40000, 41000, 42000, 43000, 44000, 45000, 46000, 47000, 48000, 49000, 50000, 51000, 52000, 53000, 54000, 55000, 56000, 57000, 58000, 59000, 60000, 61000, 62000, 63000, 64000, 65000, 66000, 67000, 68000, 69000, 70000, 71000, 72000, 73000, 74000, 75000, 76000, 77000, 78000, 79000, 80000, 81000, 82000, 83000, 84000, 85000, 86000, 87000, 88000, 89000, 90000, 91000, 92000, 93000, 94000, 95000, 96000, 97000, 98000, 99000, 100000, 101000, 102000, 103000, 104000, 105000, 106000, 107000, 108000, 109000, 110000, 111000, 112000, 113000, 114000, 115000, 116000, 117000, 118000, 119000, 120000, 121000, 122000, 123000, 124000, 125000, 126000, 127000, 128000, 129000, 130000, 131000, 132000, 133000, 134000, 135000, 136000, 137000, 138000, 139000, 140000, 141000, 142000, 143000, 144000, 145000, 146000, 147000, 148000, 149000, 150000, 151000, 152000, 153000, 154000, 155000, 156000, 157000, 158000, 159000, 160000, 161000, 162000, 163000, 164000, 165000, 166000, 167000, 168000, 169000, 170000, 171000, 172000, 173000, 174000, 175000, 176000, 177000, 178000, 179000, 180000, 181000, 182000, 183000, 184000, 185000, 186000, 187000, 188000, 189000, 190000, 191000, 192000, 193000, 194000, 195000, 196000, 197000, 198000, 199000, 200000]}
  implicit: {'latent/consistency_t0': [0.0033634744584560396, 0.00032734742458235573, 0.00014374053826817147, 9.167789322446733e-05, 9.903154868503653e-05, 6.052553327131183e-05, 8.376898137835301e-05, 5.089489914823692e-05, 4.4691300375515235e-05, 0.0008365378113521741, 9.694367594124658e-05, 0.0004328425445881383, 0.00016217288481616077, 0.00020175075657939814, 0.00010912833817173176, 0.00011048278658613397, 9.265703919684946e-05, 0.0001275913502325223, 6.715244289768807e-05, 0.000101245629679896, 9.444620545133171e-05, 0.00011758174030647244, 9.767851742834093e-05, 0.0001350486808964134, 8.192190809640485e-05, 5.89159327724265e-05, 7.885217960030801e-05, 0.0001429475010341825, 7.515541463396854e-05, 0.00010039075001144624, 7.229106159523072e-05, 7.73979193287548e-05, 8.807303122205819e-05, 5.7710683931973055e-05, 0.00010122011851648541, 0.00036668636031543414, 0.00010436476815715132, 0.0005764908053969922, 0.001021562527963046, 8.874428805618885e-05, 6.716278247906308e-05, 5.866044137667383e-05, 4.7741538166726897e-05, 5.400820137076279e-05, 0.0002544017025347712, 7.296611219889921e-05, 5.680513952920194e-05, 0.00010443523255310444, 8.935948116198418e-05, 0.0005099648602019288, 0.00010139651862568254, 8.747477418551985e-05, 7.190028954276723e-05, 0.0002580795385836064, 0.0005574716164809142, 7.552138479372938e-05, 6.6034241502044e-05, 0.0004074415492706861, 6.094316696252751e-05, 6.870949040960059e-05, 0.0002440736303722992, 8.97653789447492e-05, 8.715093711676238e-05, 0.0011946038338195902, 0.00010111067317574036, 6.265951267891824e-05, 6.62966645373492e-05, 5.973575993307714e-05, 5.5745870398967205e-05, 0.00010258247386911218, 0.00011206090381043103, 7.091441891402739e-05, 5.8358934644033845e-05, 4.7988633672979664e-05, 4.770393511250654e-05, 4.993995436273099e-05, 6.145559339276988e-05, 0.00019856343993898654, 0.00012588725060023963, 7.681711206816617e-05, 5.2451584182254155e-05, 5.013072502170154e-05, 3.86217081746168e-05, 3.416901861551074e-05, 3.8050138453328185e-05, 3.495671099852185e-05, 4.432254984706144e-05, 3.077227887937687e-05, 2.8708515070317608e-05, 3.8271018000522954e-05, 4.3682594890285205e-05, 0.00015297400226921937, 0.00010544742281233531, 6.097603098972857e-05, 5.7023813401399756e-05, 5.1770223868832286e-05, 6.227949727590621e-05, 9.904283550629798e-05, 0.0001814017619346229, 6.93734999364686e-05, 5.701716046842093e-05, 0.00019844203645871973, 0.00014415871029079902, 9.365815614374633e-05, 7.228501443073291e-05, 6.457820373753944e-05, 5.476157514793533e-05, 4.816945430712728e-05, 5.1163356165196394e-05, 4.839166582491061e-05, 7.121624004304866e-05, 9.350777227377506e-05, 0.00022251322635301958, 0.0001559252856322687, 0.00012296933047625683, 8.32409706816255e-05, 0.0005886404252083655, 0.00016498756977107934, 0.00010542535848628482, 0.0004907944421907865, 0.00025823921954011954, 8.130214364506378e-05, 7.054773016607557e-05, 7.134647780122989e-05, 7.363348150543407e-05, 0.00014724714110443245, 0.0008626535064442779, 0.00013929144876551194, 0.00010024389646258133, 9.132871466110612e-05, 7.040620272120651e-05, 5.4175965382135684e-05, 6.311671833847011e-05, 8.185657775499518e-05, 0.00022782353941846846, 0.0002272926897087403, 0.0001573252881961414, 0.00011776260560816326, 0.00010129539142993547, 9.562455987027353e-05, 0.00010658989858826762, 0.00016865941963537374, 0.0002725480407760521, 0.00018326740335999637, 0.00021208333189820045, 0.00033948935224328017, 0.00015526156214079438, 0.00039663987573305845, 0.00011640674889536122, 0.00039936861224292963, 9.277813595504668e-05, 7.747512595605594e-05, 5.800630410965968e-05, 7.244955173531353e-05, 0.00012294666892922408, 0.0003248372068358409, 0.00015173664639040284, 0.00020341314365955246, 0.0003142904100320466, 0.00016538045334532324, 0.00017583123428962477, 0.0001706273565381387, 0.0003251515809397717, 0.0004222741688156484, 0.00026656429875005676, 0.00016523497131242507, 0.00013505329810311646, 0.0001439655376941267, 0.0004872955866177304, 0.00019509477982439284, 0.00010609825030111465, 7.241261391534293e-05, 7.069493031743809e-05, 6.843222462872277e-05, 0.00010866879771635868, 0.0002379467410232638, 8.354081191150384e-05, 0.0008331001101287103, 0.0001208725242391574, 8.929353148367927e-05, 9.344199683521065e-05, 8.135583704499893e-05, 0.00022320485740061086, 0.00040634242001212346, 9.919266460493725e-05, 8.314997009588338e-05, 5.688972833541975e-05, 6.104664344197922e-05, 5.7813012706003123e-05, 5.9516958999270793e-05, 7.607800300214055e-05, 0.00039787177573811627, 9.054721172194306e-05, 7.371971771221682e-05, 5.765689836139792e-05, 5.561560686019658e-05, 5.258950455480907e-05, 9.251645969781796e-05, 0.000341782636937581, 0.0001983676543516405], 'latent/consistency_tH': [0.0032710995525121692, 0.00026254076893955305, 0.00011204294835489468, 7.368185423731263e-05, 7.54195739727884e-05, 4.764409822391e-05, 7.348474195114274e-05, 4.077352683973419e-05, 4.089336478414456e-05, 0.0008069983096141967, 8.2179470532954e-05, 0.00042156583984046014, 0.0001517564232840481, 0.0001753694820840765, 9.077988248023672e-05, 9.983347273586917e-05, 7.759879047852908e-05, 0.00011104444075385722, 5.2664849427573584e-05, 9.842538268686399e-05, 8.513652768692559e-05, 0.00011350370985236042, 9.039283001815058e-05, 0.00013413297896950715, 7.427647832816781e-05, 5.0441798611862825e-05, 7.389180731559372e-05, 0.00013791467865628557, 6.287756615909003e-05, 9.727223159078656e-05, 6.399027156450636e-05, 6.912992946141342e-05, 7.600120456351936e-05, 6.151681041647388e-05, 8.841195755372135e-05, 0.00035898850597509643, 0.00010006702805688478, 0.00057491463936609, 0.0010405530205968166, 7.552499783234219e-05, 5.095682442089301e-05, 5.172455228641469e-05, 4.700840859950803e-05, 5.587599359690732e-05, 0.00025657887798263216, 5.9993854219147165e-05, 5.5569076933049716e-05, 8.922817854733162e-05, 9.947241322336743e-05, 0.00047781429290765935, 0.00010240441278902524, 7.393279944245024e-05, 6.315956448609428e-05, 0.00023652472697003942, 0.0005430387200172012, 6.425216111827418e-05, 5.3827940710113686e-05, 0.00038434030892083926, 5.5117460322039446e-05, 6.427536963161381e-05, 0.00024176034851061242, 7.852528760593256e-05, 8.569692041970185e-05, 0.0012007059834785085, 7.339950065624143e-05, 5.4168644762273134e-05, 5.7187142550462706e-05, 4.7321382456446975e-05, 5.478792097847007e-05, 9.331775605634951e-05, 9.077816727837142e-05, 5.620104623211823e-05, 4.485507608908479e-05, 3.657649175299337e-05, 3.5273152035333676e-05, 3.568601763906139e-05, 5.7135559042311095e-05, 0.00017261730566505494, 0.00010556407725884007, 6.405656745580402e-05, 4.474420479442043e-05, 4.0287864093093e-05, 3.387845817928105e-05, 2.9957322488985353e-05, 3.246280242527762e-05, 2.5785495282708653e-05, 2.9330821965456452e-05, 2.504415899783535e-05, 2.9604647537822194e-05, 2.3470921797787004e-05, 3.68397706790125e-05, 0.0001244351036779917, 8.517254048222955e-05, 4.751924533277498e-05, 6.374813754839393e-05, 3.8090212158940436e-05, 5.0892668984583936e-05, 8.91252906748255e-05, 0.0001714349687033225, 6.214109152552956e-05, 5.315129538464268e-05, 0.00017233661964840673, 0.00012012031498030288, 7.585054273155174e-05, 6.577569859342828e-05, 5.061392260821652e-05, 4.53507043068068e-05, 3.619071553670455e-05, 4.3525811039154816e-05, 3.885933801148382e-05, 5.640594798390198e-05, 8.176824074806769e-05, 0.00024107382986893042, 0.00015403784327606938, 9.34706513247552e-05, 7.923869610058672e-05, 0.0005955196088007867, 0.00014017072954883867, 0.00010952178095411625, 0.00047916177709620496, 0.00023427866784710816, 7.230224861817986e-05, 7.100992793163352e-05, 6.087864073421942e-05, 5.243870898557534e-05, 0.00013583490241038032, 0.0008280711623045413, 0.0001271148862520403, 8.104325607387028e-05, 5.59859189333826e-05, 6.192866983146573e-05, 5.510366983865982e-05, 5.253261918691486e-05, 7.648432235913383e-05, 0.00020997842979081003, 0.00024292390704460246, 0.0001313612633562106, 8.889017554595087e-05, 8.987072132887264e-05, 9.389318423946632e-05, 9.500148007130016e-05, 0.00015726059697911986, 0.0002305683465946614, 0.0001849342027486182, 0.00020069719038944158, 0.0002810143990839787, 0.00017691317713093812, 0.0003963793597089721, 0.00010895029332082731, 0.0003065145996075062, 6.807807580947788e-05, 6.794086265995824e-05, 5.392891295177842e-05, 4.540302146863297e-05, 0.00011176434237844505, 0.0003095505224552255, 0.0001311832223373941, 0.00019307614876429505, 0.00028992687896308523, 0.00015800466442794533, 0.00013762793828759817, 0.00015426153857676843, 0.00030588026897993486, 0.000403546864045616, 0.00020151030686577675, 0.0001540266503451632, 0.00011779965033549184, 0.00011293493921084268, 0.0004602685879822738, 0.00016991241491956, 9.039471224988039e-05, 7.753779813731627e-05, 6.418677703023945e-05, 6.737014429071852e-05, 9.414161228294312e-05, 0.0001636622663984553, 7.848560721940081e-05, 0.0008529594145669596, 0.00010503096759885514, 7.6508075952875e-05, 6.847014654525754e-05, 6.994139014945277e-05, 0.000183282765899276, 0.0003594830107800447, 9.161872954755408e-05, 6.016168165508319e-05, 6.164144338424764e-05, 5.712332234178235e-05, 5.045125662977269e-05, 6.293518109532081e-05, 6.220518738049841e-05, 0.00031768397830269127, 7.684616213996217e-05, 5.690679098527356e-05, 5.714683312094943e-05, 5.2631867927346114e-05, 4.6641968479417305e-05, 8.397616152790242e-05, 0.00033409340858532485, 0.0001643518265532982], 'latent/mppi_elite_value_std': [None, 0.0016737573153508016, 0.0007186853811764773, 0.0017511468364513475, 0.0023292662282474673, 0.0015134759548698735, 0.0012638378030518757, 0.0021140761157040196, 0.0012448156874951665, 0.0012406563285247924, 0.0020488652985003546, 0.0018012898835755519, 0.0010964165411762726, 0.0005516338805451588, 0.0009435428160571031, 0.0016834391486745355, 0.001978189529909709, 0.0009851526748159622, 0.0007459983518256288, 0.0005882871875600386, 0.0004524705934072355, 0.0004955269944450629, 0.0006993605771523129, 0.000821012785907088, 0.001420508300160412, 0.001404150141205135, 0.000783993981803418, 0.0008269571254638958, 0.0007621197539471475, 0.0007495114274918348, 0.001250245109647692, 0.0007308984839448314, 0.0008364682197175762, 0.0006544785947342556, 0.0008008939931967493, 0.0012855118627811601, 0.0009290283430454624, 0.0010175119892836169, 0.05837649720602472, 0.0006180216035764472, 0.0005853169725282677, 0.0006087868537388082, 0.000572645259212265, 0.0005778167355221516, 0.0006372026071434178, 0.0014584023737516084, 0.0005223454672061814, 0.0005830845883685764, 0.0006644242184957522, 0.0007141125093596266, 0.0005043519536523263, 0.0009031479466610759, 0.0007219471424591632, 0.0005914984366271965, 0.0008873836642474282, 0.0008140742115479491, 0.0005390818733826412, 0.0013496249657348309, 0.0005643303137263142, 0.0004440603677896102, 0.0004359038396533207, 0.00043894687466267677, 0.00047798673277985477, 0.0007309114034822669, 0.0004952466888179934, 0.0004808243436369951, 0.0005050341282244244, 0.0004963314021151184, 0.00046007360657126145, 0.0004873926246296387, 0.0008796058386764504, 0.0004994025088864739, 0.0005294853093540164, 0.000514476336350347, 0.0004322736926663487, 0.00038267782461939175, 0.000390692235208476, 0.0022366599354119708, 0.0007048111681172475, 0.0004375759746355083, 0.00034015566875699897, 0.0004255838490385388, 0.00044095038313914255, 0.0003898729608515611, 0.0005122838210220829, 0.0004795356797766067, 0.0003958724327119232, 0.0003869151434885263, 0.0004784054235902716, 0.00038425564323494774, 0.0004575322404852905, 0.0005099236845990558, 0.0004382128799410165, 0.00043250930288597344, 0.0003021435297508911, 0.000337069746218278, 0.0003914229483321223, 0.0004670521897838674, 0.0008640896647498992, 0.0004388156426286613, 0.0004389235129179639, 0.00035614837728835234, 0.0012862445390097366, 0.000507560048323069, 0.00030636376284391134, 0.0004032030628954594, 0.00034809651275267603, 0.0003464669368638569, 0.00038130746665238107, 0.00044662280939127214, 0.0004113141515645003, 0.00045340628046523047, 0.0006235777189171928, 0.0006658727834036712, 0.00043483258615347446, 0.00032826188795697015, 0.0003259358844031807, 0.0005542881254732223, 0.0002920755571629797, 0.00037435512327477655, 0.0004428302051228159, 0.00041743432478754045, 0.00030252346932467777, 0.00029353795712926795, 0.0003390551816539587, 0.00030807259009167594, 0.0005101363643949313, 0.0006271010956871619, 0.0003770607915055739, 0.0003715039392772348, 0.000524931260688456, 0.0004238095415101453, 0.0004637601331078742, 0.00029905553642177115, 0.0009998142247271, 0.0005413178531617491, 0.00044000332680895355, 0.0004232062619568053, 0.0003997630770286032, 0.000465569011607234, 0.000402256380071834, 0.00036556860360903036, 0.00035073222711219556, 0.0003926955908518931, 0.00032118746266899726, 0.0003574889927399597, 0.00032629935767919643, 0.00033695095021338316, 0.0004834420608599944, 0.0012521303628838883, 0.00045663156978901034, 0.00045136298844674033, 0.0003365517131228435, 0.0002889560898692417, 0.0004046668687838297, 0.0005713327228119321, 0.00040540263959038756, 0.0003712640396891816, 0.00033102955234972145, 0.00044287807099469066, 0.00036234460855959796, 0.00029404670325767416, 0.00031927173178958876, 0.0023834185896235874, 0.0014341207603237956, 0.0006365939333214732, 0.0005902355327840645, 0.0005123651536285644, 0.0004037990347047072, 0.0005157232911818752, 0.00035709220867645664, 0.00037531709714179137, 0.0003581750040853954, 0.0003190666205067882, 0.00033162158581108545, 0.0008983148103451107, 0.0002759456880347431, 0.000556892264765612, 0.000524177356556651, 0.00044077398302292195, 0.0003770605354485224, 0.0003206184020217783, 0.0002486350578519719, 0.0003818028283129523, 0.000770913427609826, 0.0003549731082825338, 0.00030894791957582836, 0.00036605617642017634, 0.0002964573713578841, 0.0003236743282380063, 0.0003070903352140088, 0.001704137299065941, 0.00043014858714700754, 0.0004390187083903572, 0.0004788834510446634, 0.0004026765060066599, 0.00034577248544216866, 0.00043404002115302796, 0.0011613003077954656, 0.00042484132560717536], 'latent/mppi_plan_std': [None, 0.15828915850814856, 0.08355930751986215, 0.26660873107553945, 0.2492657179218254, 0.24268931321703469, 0.18241663754177345, 0.31252867796441675, 0.3038709044830896, 0.15933862238320576, 0.3081294045130542, 0.3050739109485437, 0.23988671900113462, 0.11180865066378413, 0.18747961232024568, 0.32114995554212356, 0.31399585321670914, 0.1492912690981707, 0.13011988180134, 0.10756276296142023, 0.0975582489084029, 0.14757563621052214, 0.1507671027577722, 0.18222847606602954, 0.30835872724107566, 0.2647437839176188, 0.11720821896016738, 0.13219825414239927, 0.12670294123351128, 0.12156554229134417, 0.1584075458234913, 0.1103289593527989, 0.12795239895410088, 0.11449679012555065, 0.13906480880162844, 0.12270805358170184, 0.14640058284546895, 0.16050916718898078, 0.2766760634228376, 0.09830275096409263, 0.12992041845148392, 0.1397721304045781, 0.12684261256847712, 0.12241733284249662, 0.12659879584765257, 0.3090287205365528, 0.11248199033612165, 0.10012597451273311, 0.10534726952621046, 0.12105246059755255, 0.11793306939393403, 0.11172038516761273, 0.08645981916372275, 0.08770598190488292, 0.09414346531021098, 0.11205683078937403, 0.10017790875166091, 0.1978001138324031, 0.0748945881709458, 0.0732508017501636, 0.06752505907932857, 0.0711621719801311, 0.07116701158880488, 0.08283593540397324, 0.06985019824354873, 0.06682050308378192, 0.06660197918120148, 0.07362814437592029, 0.07109300221104962, 0.0746347107753335, 0.10555935586034972, 0.06488714645042516, 0.06474635155989109, 0.06321105227674742, 0.06287899603766155, 0.0668975303234466, 0.06087807937660473, 0.3135286718480296, 0.08322051199661679, 0.07948939072324102, 0.06312792250040583, 0.06756266873508747, 0.06208994588562299, 0.06337905295457556, 0.07219015161339415, 0.07127537243317962, 0.06415011806303156, 0.06358898194488438, 0.06219950150878475, 0.06491670932674504, 0.0664603427189855, 0.06861714587470605, 0.05710116118572538, 0.059435103120515115, 0.0573310478224184, 0.05956978456450062, 0.06611851941298925, 0.07051829148586597, 0.09597845477396878, 0.06871715744517332, 0.07366028985954563, 0.0685314558374505, 0.2245488578648319, 0.06299085686812313, 0.06081349839946535, 0.06271359011167583, 0.056383809419062084, 0.05565794987939447, 0.06266741095720046, 0.057748586283308444, 0.06381041285018135, 0.07689214787234638, 0.07037332575409384, 0.09826562560687864, 0.06556718420535687, 0.05976535950387749, 0.05847195140400918, 0.06249296981170508, 0.06788520748617594, 0.06327183951264577, 0.06180552338348928, 0.06178058998640222, 0.06481024847313883, 0.06898808122784295, 0.0621419445442952, 0.06505593063706262, 0.06746469363030208, 0.07240920560864515, 0.06114981688485055, 0.06065754179044168, 0.06123301133559499, 0.05746311513582789, 0.06404302961728664, 0.058449449290098765, 0.20847390795756712, 0.06565142848074759, 0.05455740019727637, 0.056088296549059106, 0.07290017314357791, 0.05859358927342924, 0.05786927381728106, 0.061071726080713075, 0.06096708901889083, 0.0676944875411284, 0.059062628727278105, 0.07307719275680316, 0.06358123728012577, 0.06949020798681954, 0.08089020972034146, 0.1584825776888881, 0.07624825938530869, 0.07082644175661215, 0.0793710280439292, 0.0701111324121531, 0.07947569359456559, 0.09000325331563758, 0.06173684177858934, 0.06323902383724904, 0.06578659423568788, 0.06056086022375393, 0.06423871232627411, 0.061723120324388495, 0.058116002313527024, 0.1872100760340275, 0.14414998908724536, 0.07582251996016558, 0.07639163889874846, 0.07320290922796113, 0.07703557977468375, 0.0851242187845897, 0.06709604919272992, 0.05882611191846878, 0.064431011540365, 0.0615248492342989, 0.05643113411030207, 0.06390847196336094, 0.05705668639550875, 0.08842374357597627, 0.06006010439826898, 0.06880366681751099, 0.0607907117837461, 0.05881141113818488, 0.058387841583025915, 0.06056405310340934, 0.12855328932754367, 0.0776045746436167, 0.05900232861385028, 0.061922049598443635, 0.058176948538740336, 0.06082649781774204, 0.05713616024626883, 0.19137722530592888, 0.06966473761778376, 0.06351168590382446, 0.06857652820610405, 0.06565044741621079, 0.05911391841147651, 0.06544313172928397, 0.1388801359538397, 0.06789561452037564], 'latent/z_active_frac': [0.08750000000000001, 0.9843422014279726, 0.9837630566405896, 0.9938437089804024, 0.9991696231998152, 0.999999999999997, 0.9999999999999994, 0.9999999999999994, 0.9990516986259531, 0.9933189734506073, 0.9712156436885997, 0.9897519645654975, 0.9954275624235676, 0.9999999999999833, 0.9999999999999994, 0.9999999999999994, 0.9999999999999994, 0.999298882478701, 0.999954649719794, 0.9978190148230849, 0.9986187570421082, 0.9971428769018448, 0.9985584671092008, 0.9987076530764185, 0.9998738929942907, 0.9968265600628076, 0.9977269456654505, 0.9975876309000574, 0.9957992267943889, 0.9985327097624604, 0.995477325987496, 0.9902253906088263, 0.9932119954451402, 0.9928614821702442, 0.9916777905632181, 0.9807156805170856, 0.9862183819084884, 0.9563230423988289, 0.9583372971811409, 0.969956604681803, 0.9647919534674668, 0.965725215239022, 0.9661953395009264, 0.9685958451381638, 0.9768335808632147, 0.9152125076009482, 0.9344996038173748, 0.9352925947865712, 0.9429978140621759, 0.9577618345352821, 0.9611529176370852, 0.9892251867353703, 0.9835278178734593, 0.987904682407992, 0.9586522824968289, 0.961753527976624, 0.9614684077016399, 0.9055340990085798, 0.9304057001288513, 0.9485170532358655, 0.962528733674776, 0.9637459966965609, 0.9650735997686505, 0.974997362007721, 0.9038924174824827, 0.9184099762806325, 0.9405412659745926, 0.9397359155997773, 0.9522693446013684, 0.9815136096230612, 0.8609994886201291, 0.8305776227875337, 0.8579087619855816, 0.8640254818093138, 0.8726045783205356, 0.875487808647901, 0.872261845180772, 0.7560304026016045, 0.8130991291495595, 0.7944166160091423, 0.8124807807375085, 0.8332214340613509, 0.8451923080858913, 0.8604695764816973, 0.8800031548760282, 0.8757238457375291, 0.8778182155618999, 0.8804581340264817, 0.8981985399491608, 0.9005273414205238, 0.9074135763482964, 0.9511195823754116, 0.9648435219045409, 0.9550913315802165, 0.9589729386844543, 0.9524429854082702, 0.9452352499990859, 0.9621642139006863, 0.9152761513401084, 0.9292333930562002, 0.9312957151506698, 0.9588183779082495, 0.8133693215131935, 0.8444530760913762, 0.8614639044279232, 0.8636064079179512, 0.8635831902819001, 0.8582076122153551, 0.880976650252144, 0.8714582498455941, 0.8822042524833558, 0.9066236707794211, 0.9238235081957838, 0.8866347985272576, 0.9155005293888334, 0.9571590590856637, 0.9597995698542233, 0.9279425652425437, 0.9506729019093536, 0.950696698271429, 0.9884500242290268, 0.9722076201956295, 0.9741999893566864, 0.9771621357708382, 0.9809942059118147, 0.9864577886399507, 0.971879302485274, 0.8636173930659272, 0.9017736952218195, 0.8991830849813655, 0.9181428448685512, 0.9182248710337616, 0.9264795982846924, 0.9363619833408793, 0.699712961945945, 0.8258693388932092, 0.8631845592419967, 0.8728593353722534, 0.8761445255325716, 0.8830307649187992, 0.9024457412061978, 0.9089596677632958, 0.9540097870181321, 0.955290016464413, 0.9511063864460506, 0.9530685107927633, 0.968164135123948, 0.9783910905273975, 0.9874528267687323, 0.7627989639431593, 0.7870687222193316, 0.80382174257138, 0.8439019313581468, 0.8436887581174062, 0.8833498126374701, 0.9254499867289414, 0.9410042722404878, 0.9549595270776507, 0.9663359059274493, 0.9796259736174007, 0.9827132766128659, 0.9911719715460843, 0.9875865075020149, 0.9644989635797898, 0.8347982202887709, 0.8989545331063225, 0.9055019215227107, 0.9264831501046771, 0.9354989397028606, 0.866672233835882, 0.8588054149641013, 0.8773667208175461, 0.8889860040685836, 0.9001000841326698, 0.897868736049619, 0.9138059423279549, 0.9410969305709387, 0.9727277868321358, 0.8915698635475136, 0.9093758319514662, 0.9101034966543928, 0.91965539763906, 0.9499639534671496, 0.9275659440443301, 0.8896026032869926, 0.8898404229334289, 0.9099670571206183, 0.9031473000231192, 0.9018683078772404, 0.9288964601435159, 0.9399527721499801, 0.8477947279563495, 0.8366680564323248, 0.861276739418078, 0.8660951459554235, 0.8804297431987377, 0.8773109109097786, 0.8923994611280119, 0.8065887825147202, 0.8588403161322987], 'latent/encoder_grad_norm': [0.02825341320804428, 0.038420857520277754, 0.05070384176540762, 0.053826347010345894, 0.0399107692007486, 0.02944374979790527, 0.05637804273945132, 0.026460164262621315, 0.03213549893031179, 0.14838866830144992, 0.03512040368940066, 0.1362453994915449, 0.07573051788000308, 0.09991212993609581, 0.049223222799856886, 0.0647501618200997, 0.044298669794770235, 0.0730934185689053, 0.028336539859996016, 0.048406990197444356, 0.052852388548491884, 0.05687037131039523, 0.05130030416846427, 0.06806138972031425, 0.049730123625163186, 0.03520695060859556, 0.040625589987718355, 0.06073322768151303, 0.05805559596998891, 0.043091042948155675, 0.03981135717350651, 0.04116043311593841, 0.05149683094963391, 0.025284263327101316, 0.06439737846020413, 0.06458845371959342, 0.05410507702284277, 0.10638994513198735, 0.1656649918770665, 0.021127490959225923, 0.028576386127298084, 0.03462948509582506, 0.02966482190769146, 0.03726680681432991, 0.06630143205681342, 0.02530688628533476, 0.027048181167972276, 0.06963360843062832, 0.04958718636498145, 0.07719539824008503, 0.029312071867374372, 0.07693127439056438, 0.033077060828403254, 0.12361774213029797, 0.12925303883027706, 0.02407434586192431, 0.04388678106789687, 0.053129076087954405, 0.02547871600896721, 0.031152909730741175, 0.10287829169539532, 0.036412886756268664, 0.04716221229077708, 0.21733420434224698, 0.02419916856046896, 0.016995171927131063, 0.02127731094997712, 0.028256410496239927, 0.0300129554002316, 0.048372722862453296, 0.015919576430527434, 0.012723293121181036, 0.017580579092042345, 0.01791259185442128, 0.03604007830554128, 0.019254637355795443, 0.027277467968105158, 0.019634146367080222, 0.018027390370200392, 0.013419749203668197, 0.011425574863485704, 0.013187176280056237, 0.015830774610142432, 0.016636409475382682, 0.025337736982552317, 0.01637735637693483, 0.019247021836871568, 0.014684835408156573, 0.01609176216093451, 0.015166789249373532, 0.04560367507106196, 0.048678237242250885, 0.031379088968816325, 0.023088282656792223, 0.03029837536166171, 0.026445343534062096, 0.03253859334109871, 0.04239246116279855, 0.032562974748723085, 0.028016985049639138, 0.030264682818422234, 0.09205588888906052, 0.022617898792213733, 0.018477878205454962, 0.018905548344505422, 0.019303258179834398, 0.01809865657969002, 0.01892237527985719, 0.032398973263618645, 0.02128135028364229, 0.03530873162420914, 0.03323435661683752, 0.04452997649840952, 0.031191734820167336, 0.047656691796400134, 0.043708610855748536, 0.2280631471538532, 0.02482461215849243, 0.04255393076726401, 0.1380835268945116, 0.0266300607480649, 0.024808261860348856, 0.02010172040308121, 0.02624503603346837, 0.024446524388305087, 0.03355317357007192, 0.11827986092160545, 0.01411067901332241, 0.018916564349325298, 0.01712744110349289, 0.016480516488494135, 0.02072170418409246, 0.030035813601857166, 0.047182704835965664, 0.02101351809063892, 0.029119395921226476, 0.028600260778473025, 0.021555971634625724, 0.026484008870245778, 0.03555179181644363, 0.04033047833187781, 0.06252072037117834, 0.07573057892221881, 0.04109965751120396, 0.0860172507454931, 0.09782774519975192, 0.04035267772904297, 0.1303718837434987, 0.026698795955890885, 0.03910445015827728, 0.01612098992987855, 0.013513073007861401, 0.011244744108377598, 0.017684675995537986, 0.06858496323395852, 0.030098229625937323, 0.03251885618026578, 0.06141246478633656, 0.09011475125729898, 0.03239095641528045, 0.07627864879808333, 0.056042874666254926, 0.10305986828467989, 0.09174533602653462, 0.03126948163006708, 0.026752200212801707, 0.027596448677294754, 0.031076523789081694, 0.14581795543822465, 0.01898987716792132, 0.015249474636373038, 0.016363892619455877, 0.020598479322084525, 0.01667341969273975, 0.034442165358949145, 0.053652433903709065, 0.023494097273176556, 0.11632138149842736, 0.025122094701795303, 0.019346167296645865, 0.039706743742074356, 0.02529051348315861, 0.08842197490240955, 0.07086821351838306, 0.016934244987810296, 0.021821726731575213, 0.01896611669891415, 0.014900734875483698, 0.03455605074776103, 0.026240766144999643, 0.03655425279836567, 0.02932378338406448, 0.011719242551787684, 0.020773636675462205, 0.020112388876786028, 0.014986966707679211, 0.020612870346205295, 0.04704107567707777, 0.02668935815161696, 0.03190977802482001], 'step': [1000, 2000, 3000, 4000, 5000, 6000, 7000, 8000, 9000, 10000, 11000, 12000, 13000, 14000, 15000, 16000, 17000, 18000, 19000, 20000, 21000, 22000, 23000, 24000, 25000, 26000, 27000, 28000, 29000, 30000, 31000, 32000, 33000, 34000, 35000, 36000, 37000, 38000, 39000, 40000, 41000, 42000, 43000, 44000, 45000, 46000, 47000, 48000, 49000, 50000, 51000, 52000, 53000, 54000, 55000, 56000, 57000, 58000, 59000, 60000, 61000, 62000, 63000, 64000, 65000, 66000, 67000, 68000, 69000, 70000, 71000, 72000, 73000, 74000, 75000, 76000, 77000, 78000, 79000, 80000, 81000, 82000, 83000, 84000, 85000, 86000, 87000, 88000, 89000, 90000, 91000, 92000, 93000, 94000, 95000, 96000, 97000, 98000, 99000, 100000, 101000, 102000, 103000, 104000, 105000, 106000, 107000, 108000, 109000, 110000, 111000, 112000, 113000, 114000, 115000, 116000, 117000, 118000, 119000, 120000, 121000, 122000, 123000, 124000, 125000, 126000, 127000, 128000, 129000, 130000, 131000, 132000, 133000, 134000, 135000, 136000, 137000, 138000, 139000, 140000, 141000, 142000, 143000, 144000, 145000, 146000, 147000, 148000, 149000, 150000, 151000, 152000, 153000, 154000, 155000, 156000, 157000, 158000, 159000, 160000, 161000, 162000, 163000, 164000, 165000, 166000, 167000, 168000, 169000, 170000, 171000, 172000, 173000, 174000, 175000, 176000, 177000, 178000, 179000, 180000, 181000, 182000, 183000, 184000, 185000, 186000, 187000, 188000, 189000, 190000, 191000, 192000, 193000, 194000, 195000, 196000, 197000, 198000, 199000, 200000]}
  implicit_horizon_degradation_ratio: [0.9725, 0.802, 0.7795, 0.8037, 0.7616, 0.7872]...

--- cross_agent_cca_timeline ---
  shared_steps: [10000, 20000, 30000, 40000, 50000, 60000]...
  mean_canonical_corr: [0.4878, 0.5121, 0.5034, 0.4802, 0.505, 0.5136]...
  top1_canonical_corr: [0.564, 0.5917, 0.5882, 0.551, 0.5895, 0.6374]...

