Latent Space Analysis Report
==================================================

--- snapshot_geometry ---
  explicit_steps: [10000, 20000, 30000, 40000, 50000, 60000]...
  explicit_participation_ratio: [43.1478, 40.5213, 40.1603, 38.3316, 39.7765, 39.9048]...
  explicit_dims_95pct: [50, 50, 50, 49, 49, 50]...
  explicit_dead_unit_frac: [0.0, 0.0, 0.0, 0.0156, 0.0156, 0.0]...
  explicit_median_r2: [-0.0478, 0.0923, 0.257, 0.3354, 0.3684, 0.413]...
  implicit_steps: [10000, 20000, 30000, 40000, 50000, 60000]...
  implicit_participation_ratio: [10.8773, 11.4009, 12.3798, 12.3413, 12.9101, 12.5379]...
  implicit_dims_95pct: [30, 31, 32, 32, 33, 33]...
  implicit_dead_unit_frac: [0.0, 0.0, 0.0, 0.0, 0.0, 0.0]...
  implicit_median_r2: [0.7771, 0.7991, 0.8244, 0.8437, 0.8414, 0.8434]...

--- metrics_timeline ---
  explicit: {'wm/kl_active_vars': [2.55669016, 3.615371758085181, 4.3462617045885, 6.8674024540794525, 7.790127388156517, 7.956789090351883, 7.991992931204338, 7.9985162739868105, 7.999694513971425, 7.999943392822163, 7.999989510575663, 7.999997840320548, 7.999999599807037, 7.999999917603818, 7.9999999847318195, 7.999999997170775, 7.999999999417487, 7.999999999892058, 7.999999999979997, 7.999999999995881, 7.999999999999236, 7.999999999999843, 7.999999999999971, 7.999999999999995, 7.999999999999996, 7.999999999999996, 7.999999999999996, 7.999999999999996, 7.999999999999996, 7.999999999999996, 7.999999999999996, 7.999999999999996, 7.999999999999996, 7.999999999999996, 7.999999999999996, 7.999999999999996, 7.999999999999996, 7.999999999999996, 7.999999999999996, 7.999999999999996, 7.999999999999996, 7.999999999999996, 7.999999999999996, 7.999999999999996, 7.999999999999996, 7.999999999999996, 7.999999999999996, 7.999999999999996, 7.999999999999996, 7.999999999999996, 7.999999999999996, 7.999999999999996, 7.999999999999996, 7.999999999999996, 7.999999999999996, 7.999999999999996, 7.999999999999996, 7.999999999999996, 7.999999999999996, 7.999999999999996, 7.999999999999996, 7.999999999999996, 7.999999999999996, 7.999999999999996, 7.999999999999996, 7.999999999999996, 7.999999999999996, 7.999999999999996, 7.999999999999996, 7.999999999999996, 7.999999999999996, 7.999999999999996, 7.999999999999996, 7.999999999999996, 7.999999999999996, 7.999999999999996, 7.999999999999996, 7.999999999999996, 7.999999999999996, 7.999999999999996, 7.999999999999996, 7.999999999999996, 7.999999999999996, 7.999999999999996, 7.999999999999996, 7.999999999999996, 7.999999999999996, 7.999999999999996, 7.999999999999996, 7.999999999999996, 7.999999999999996, 7.999999999999996, 7.999999999999996, 7.999999999999996, 7.999999999999996, 7.999999999999996, 7.999999999999996, 7.999999999999996, 7.999999999999996, 7.999999999999996, 7.999999999999996, 7.999999999999996, 7.999999999999996, 7.999999999999996, 7.999999999999996, 7.999999999999996, 7.999999999999996, 7.999999999999996, 7.999999999999996, 7.999999999999996, 7.999999999999996, 7.999999999999996, 7.999999999999996, 7.999999999999996, 7.999999999999996, 7.999999999999996, 7.999999999999996, 7.999999999999996, 7.999999999999996, 7.999999999999996, 7.999999999999996, 7.999999999999996, 7.999999999999996, 7.999999999999996, 7.999999999999996, 7.999999999999996, 7.999999999999996, 7.999999999999996, 7.999999999999996, 7.999999999999996, 7.999999999999996, 7.999999999999996, 7.999999999999996, 7.999999999999996, 7.999999999999996, 7.999999999999996, 7.999999999999996, 7.999999999999996, 7.999999999999996, 7.999999999999996, 7.999999999999996, 7.999999999999996, 7.999999999999996, 7.999999999999996, 7.999999999999996, 7.999999999999996, 7.999999999999996, 7.999999999999996, 7.999999999999996, 7.999999999999996, 7.999999999999996, 7.999999999999996, 7.999999999999996, 7.999999999999996, 7.999999999999996, 7.999999999999996, 7.999999999999996, 7.999999999999996, 7.999999999999996, 7.999999999999996, 7.999999999999996, 7.999999999999996, 7.999999999999996, 7.999999999999996, 7.999999999999996, 7.999999999999996, 7.999999999999996, 7.999999999999996, 7.999999999999996, 7.999999999999996, 7.999999999999996, 7.999999999999996, 7.999999999999996, 7.999999999999996, 7.999999999999996, 7.999999999999996, 7.999999999999996, 7.999999999999996, 7.999999999999996, 7.999999999999996, 7.999999999999996, 7.999999999999996, 7.999999999999996, 7.999999999999996, 7.999999999999996, 7.999999999999996, 7.999999999999996, 7.999999999999996, 7.999999999999996, 7.999999999999996, 7.999999999999996, 7.999999999999996, 7.999999999999996, 7.999999999999996, 7.999999999999996, 7.999999999999996, 7.999999999999996, 7.999999999999996, 7.999999999999996, 7.999999999999996], 'wm/kl_min_var': [0.03883221779137463, 0.045151354448375, 0.05488852312444371, 0.09253997890911812, 0.16449251199069914, 0.22120051042511404, 0.29597127086900893, 0.3493894880979654, 0.379811097915315, 0.4018491332019837, 0.4189566802549835, 0.4447786364586353, 0.45834764148810875, 0.47356648435888193, 0.4890716272629633, 0.5113711086065749, 0.5283671759994027, 0.5466963825950171, 0.5685540277565196, 0.5835558680618702, 0.6049735138866231, 0.6182281096333899, 0.6284684764700481, 0.6380788022285632, 0.6446705609199462, 0.6436695257858429, 0.6495583057302499, 0.6497599656008397, 0.6515504375375558, 0.6476113178284704, 0.6484798006936706, 0.6382368268632991, 0.631363629656275, 0.6228812270054837, 0.6102206953306456, 0.6117539281543645, 0.6034924640732191, 0.6010466471104189, 0.5905420136666368, 0.5882824578032086, 0.5824783236687285, 0.5743641483055398, 0.560935174031945, 0.5535132852902872, 0.5567619410750895, 0.5597724645533061, 0.5573413097735136, 0.5551727430220914, 0.5493488458387699, 0.5490049829031327, 0.5453097172129863, 0.5427702332688459, 0.5518146975691451, 0.5581406107787485, 0.5602984249162531, 0.5639689615646215, 0.5655407865533384, 0.5668888020349859, 0.5746303748854781, 0.5734861395578618, 0.5740288186764257, 0.5775438696378288, 0.5861706550548967, 0.5830916964873927, 0.5875008119687718, 0.5992241148751122, 0.5980188480638615, 0.5997301276901236, 0.6005403225104615, 0.5999112949316965, 0.6044183786024012, 0.6015074602311555, 0.6028141326038737, 0.6000540543105685, 0.6072589159247231, 0.6046122586681342, 0.6069921220915173, 0.6089832542400689, 0.6133591707258548, 0.6187448081915082, 0.609701748839834, 0.6149217016567806, 0.6135360713106923, 0.6183430630804142, 0.6149303840456052, 0.6139565007876019, 0.6190613790745246, 0.6171111856979109, 0.6127480683295519, 0.6127563335423535, 0.613653167938114, 0.611200391729968, 0.6126640177503666, 0.6077576069255406, 0.6165266384539976, 0.6148259194138146, 0.6140557744641627, 0.6070305479044635, 0.6175562121125758, 0.6152135898146237, 0.6149410790066849, 0.6151319652092898, 0.6180876720720757, 0.6199181752706135, 0.6146834857404073, 0.6218046782694887, 0.6213304601612459, 0.6144658270437672, 0.6130760648625911, 0.6146672952032829, 0.6150563129531366, 0.6152623016936359, 0.6186339844778722, 0.6137076839608234, 0.6139181602264171, 0.6134662529404463, 0.614893476652268, 0.6192869467030435, 0.617974028940046, 0.6166693918357878, 0.6106223498310939, 0.6151736406066418, 0.6166646362489963, 0.6174327515057013, 0.6172961249947543, 0.6062325436831368, 0.6164629620642094, 0.6198599100727851, 0.6223743996207189, 0.6174568927232624, 0.6205678304075518, 0.6112827870098178, 0.6160184363932866, 0.6161579685120143, 0.6210964539048658, 0.617787911321137, 0.6126298617652683, 0.6155552447681591, 0.6153868114974782, 0.6183346715888327, 0.6147957162735357, 0.6147989027029166, 0.6123138299064903, 0.6188901047219635, 0.6169891311082191, 0.6132282461216798, 0.6092145702382871, 0.6137751501235371, 0.6116731601453061, 0.6104587593159733, 0.6169516328508339, 0.619351099040933, 0.6203921063153596, 0.6176937859272204, 0.6214711606491595, 0.6179721525508983, 0.612734524903707, 0.6130735672430875, 0.605989901470675, 0.6141680527124644, 0.6166430848446034, 0.6161206326397998, 0.612785629854311, 0.6104165191028369, 0.6179413977744658, 0.6098524972482203, 0.6084941578678031, 0.6079361792410366, 0.6195645293158492, 0.6129658125742349, 0.6130129627157945, 0.6107757157920363, 0.6109854253288763, 0.6084408353241243, 0.6127841559919778, 0.6085400426836494, 0.6136503880464697, 0.6110829731799902, 0.6053165895036376, 0.6114751224740385, 0.6084025419770404, 0.6123059172610469, 0.6122802894520675, 0.6181142469592509, 0.6115631624035032, 0.6162965760715934, 0.6073674559484687, 0.6142853540442095, 0.6061306029336637, 0.6102576458695702, 0.6140198940584448, 0.6087790502801964, 0.6038127304187824, 0.6032323318840686, 0.5994858321846344, 0.6066913109192611, 0.6108323472759865, 0.6057632713209209, 0.6074978198603576, 0.5996920850540621], 'latent/z_active_frac': [0.5695327900000001, 0.9202335569231275, 0.9852191170585654, 0.9969567472778296, 0.9994360791266039, 0.9998838936929647, 0.999978485266901, 0.9997088679658401, 0.9995793738128649, 0.999754363941346, 0.9999544831424204, 0.9993073347868293, 0.999871647737588, 0.999973573407385, 0.9999951030990362, 0.999999092594365, 0.9999998131732264, 0.9999999653806216, 0.9999999935849593, 0.9999999986792, 0.9999999997552531, 0.9999999999496088, 0.9999999999906622, 0.9999999999982696, 0.9999999999996436, 0.9999999999999339, 0.9999999999999878, 0.9999999999999974, 0.9999999999999994, 0.9999999999999994, 0.9999999999999994, 0.9999999999999994, 0.9999999999999994, 0.9999999999999994, 0.9999999999999994, 0.9999999999999994, 0.9999999999999994, 0.9999999999999994, 0.9999999999999994, 0.9999999999999994, 0.9999999999999994, 0.9999019338146302, 0.9999818281378665, 0.9997150075018495, 0.9999471903147256, 0.9999891269541133, 0.9999336439784248, 0.999987704095237, 0.9999974683822482, 0.9999995308861197, 0.9999018468868813, 0.9999797911444214, 0.999996255258262, 0.9996867277987911, 0.9997141366596195, 0.9997809529998752, 0.9994444917818383, 0.9995347283203498, 0.9999137842184307, 0.9998611795704747, 0.9999742762941464, 0.999605142856029, 0.9996442371597625, 0.9999340764274596, 0.9996739257289251, 0.999868087530129, 0.9997320724085466, 0.9988394280387631, 0.9990814358524617, 0.9991163921780253, 0.9989237876367567, 0.9998005756763417, 0.9992637847652058, 0.9993772947256429, 0.9986833447797373, 0.9983174493144691, 0.9988395834136679, 0.9988347686746175, 0.9990108737096226, 0.9987376777408793, 0.9990102629643924, 0.9985226020621526, 0.9982179644051739, 0.998512824538449, 0.9990484987145898, 0.9989917943823954, 0.9993205198955467, 0.9986032246572882, 0.9986850084085616, 0.9983136022706961, 0.998514839681439, 0.9983732281386282, 0.9979665011479446, 0.9983422270296662, 0.9983693793051824, 0.9981805547558198, 0.9970188917691644, 0.9984116037175319, 0.9979536913098129, 0.9973364820766233, 0.9974223153091533, 0.997359097501177, 0.9978027773607697, 0.9975675405507045, 0.9970145682330966, 0.9977359704753995, 0.9964411801830695, 0.9960297698359427, 0.995959138421922, 0.9962059597558348, 0.9960689751416302, 0.997696014569164, 0.9976815824476383, 0.9957291530873941, 0.9960272144727123, 0.9943175663887894, 0.9954698120132812, 0.9945446094547893, 0.9968364412487889, 0.9964564320029528, 0.9964804766397548, 0.9970317077568336, 0.9956678298045472, 0.9956223694097303, 0.9955451175720174, 0.9952366760295082, 0.9972536415245308, 0.9958478549954399, 0.9961545492725004, 0.9951276723349224, 0.9948541220737905, 0.9956179497076614, 0.9952367199578127, 0.99641549225298, 0.9959886452709632, 0.995512658651092, 0.9937267874298468, 0.992817513441495, 0.9952848096225186, 0.9958596498630673, 0.9956062945303729, 0.9947163034699964, 0.9942293631493961, 0.9946685055798533, 0.9942107226414346, 0.9943682047204561, 0.9952382463420815, 0.9942273865331852, 0.9944102040888376, 0.9944043075736315, 0.9942337840143517, 0.9944672357038786, 0.9954307669109312, 0.992627906189439, 0.9915399318273531, 0.9943762439043482, 0.9932076799414046, 0.9948107561462346, 0.9918189931716135, 0.9931883175911757, 0.9937521259678069, 0.9924065492772491, 0.9944474977170779, 0.9938112665938889, 0.9926034818575673, 0.9928742739751529, 0.9925777956444157, 0.9930862626248285, 0.99464687772965, 0.9927135743493094, 0.992405195212498, 0.9950906626284126, 0.9911731941216276, 0.9895119568748011, 0.992232542155742, 0.99177846935588, 0.99126227583392, 0.9903007155166289, 0.9913667637823319, 0.9926487724965678, 0.9932389324459482, 0.992829592803006, 0.993086749287088, 0.9919457796614702, 0.9929765565423911, 0.9943478756502557, 0.9924158684162128, 0.9922971317252225, 0.9906184250470995, 0.9917351750438641, 0.9938919692944761, 0.9924984613153324, 0.9931061159029952, 0.9908802210951027, 0.9919694278877388, 0.9911928615550591, 0.9908819514764824, 0.99049217859399, 0.9904753191108587, 0.9909454435809247], 'latent/encoder_grad_norm': [None, None, None, None, None, None, None, None, None, None, None, None, None, None, None, None, None, None, None, None, None, None, None, None, None, None, None, None, None, None, None, None, None, None, None, None, None, None, None, None, None, None, None, None, None, None, None, None, None, None, None, None, None, None, None, None, None, None, None, None, None, None, None, None, None, None, None, None, None, None, None, None, None, None, None, None, None, None, None, None, None, None, None, None, None, None, None, None, None, None, None, None, None, None, None, None, None, None, None, None, None, None, None, None, None, None, None, None, None, None, None, None, None, None, None, None, None, None, None, None, None, None, None, None, None, None, None, None, None, None, None, None, None, None, None, None, None, None, None, None, None, None, None, None, None, None, None, None, None, None, None, None, None, None, None, None, None, None, None, None, None, None, None, None, None, None, None, None, None, None, None, None, None, None, None, None, None, None, None, None, None, None, None, None, None, None, None, None, None, None, None, None, None, None, None, None, None, None, None, None], 'step': [1000, 2000, 3000, 4000, 5000, 6000, 7000, 8000, 9000, 10000, 11000, 12000, 13000, 14000, 15000, 16000, 17000, 18000, 19000, 20000, 21000, 22000, 23000, 24000, 25000, 26000, 27000, 28000, 29000, 30000, 31000, 32000, 33000, 34000, 35000, 36000, 37000, 38000, 39000, 40000, 41000, 42000, 43000, 44000, 45000, 46000, 47000, 48000, 49000, 50000, 51000, 52000, 53000, 54000, 55000, 56000, 57000, 58000, 59000, 60000, 61000, 62000, 63000, 64000, 65000, 66000, 67000, 68000, 69000, 70000, 71000, 72000, 73000, 74000, 75000, 76000, 77000, 78000, 79000, 80000, 81000, 82000, 83000, 84000, 85000, 86000, 87000, 88000, 89000, 90000, 91000, 92000, 93000, 94000, 95000, 96000, 97000, 98000, 99000, 100000, 101000, 102000, 103000, 104000, 105000, 106000, 107000, 108000, 109000, 110000, 111000, 112000, 113000, 114000, 115000, 116000, 117000, 118000, 119000, 120000, 121000, 122000, 123000, 124000, 125000, 126000, 127000, 128000, 129000, 130000, 131000, 132000, 133000, 134000, 135000, 136000, 137000, 138000, 139000, 140000, 141000, 142000, 143000, 144000, 145000, 146000, 147000, 148000, 149000, 150000, 151000, 152000, 153000, 154000, 155000, 156000, 157000, 158000, 159000, 160000, 161000, 162000, 163000, 164000, 165000, 166000, 167000, 168000, 169000, 170000, 171000, 172000, 173000, 174000, 175000, 176000, 177000, 178000, 179000, 180000, 181000, 182000, 183000, 184000, 185000, 186000, 187000, 188000, 189000, 190000, 191000, 192000, 193000, 194000, 195000, 196000, 197000, 198000, 199000, 200000]}
  implicit: {'latent/consistency_t0': [0.0026523347944021228, 0.003850901728043751, 0.0028058719453946143, 0.0023745608032237167, 0.001908704073014321, 0.0018009770549289451, 0.0018524906036011433, 0.0018092293098140298, 0.0017312217485913426, 0.001777608129592432, 0.0017440364264786315, 0.001716215161133987, 0.0017341008203023628, 0.0017279074582715874, 0.0016482861663018587, 0.001616303729299258, 0.0016463005631200329, 0.0015903074012268107, 0.0015382627833747345, 0.001513828684634648, 0.0014485943931831706, 0.0014256731082493929, 0.0014037166269223152, 0.001358439416403385, 0.001420421682043598, 0.0013636967968327842, 0.0013969613404580816, 0.001332766775658941, 0.0012816694471760844, 0.0013212901468250939, 0.0012816154238952215, 0.0012795928205984978, 0.001260738225123078, 0.001280033111728499, 0.0012812880806538887, 0.001244802959109785, 0.0012582270381623702, 0.0012676457800946703, 0.0012910299274249356, 0.001294444740545606, 0.0012928627419416824, 0.001270989622112752, 0.0012735153283215785, 0.0013054798940889446, 0.0012998410870685713, 0.0012582564517206196, 0.0012507943393865316, 0.001259492444829443, 0.0012722939477577922, 0.0012498441975560565, 0.0012519282508817067, 0.0012629450174465805, 0.0012428972307836528, 0.0012286399451024131, 0.0012524531285247405, 0.0012426667354154734, 0.001213748390042074, 0.0011979693699422935, 0.001199825755386593, 0.0012015808052322316, 0.001170613371876003, 0.0011491247357523838, 0.0011448035052899137, 0.0011526534351174078, 0.0011703310696418857, 0.001147347672907211, 0.001148500516353585, 0.0011485150534773414, 0.0011587767261946518, 0.0011063938655662586, 0.0011095364674218527, 0.0011457314921736407, 0.0011227507531524823, 0.001091019931580183, 0.001072841632034974, 0.0010956080356738199, 0.0010193194801821068, 0.001057277880329864, 0.0010922424227502432, 0.001052696879651024, 0.0010715212170099744, 0.001044694893799714, 0.0010266543510465377, 0.0010075785624002183, 0.0010262558064063141, 0.0009792377535807486, 0.000984869030753747, 0.0009648906002396094, 0.0009865462158942485, 0.0009944138951908886, 0.0009817671692326395, 0.0009767984797212467, 0.0009656699429884351, 0.0009690273894586664, 0.0009530551214444936, 0.0009424095735607976, 0.000929655507687962, 0.0009328126742626324, 0.0008707361081737477, 0.0008839908837584546, 0.0009045225994786588, 0.0009003286292426664, 0.0008728826752551234, 0.000860591492753096, 0.0008846592922389858, 0.0008888982654129695, 0.0008741090748797748, 0.0008775368094082521, 0.0008872717502691218, 0.0008600688518108187, 0.000837664732009076, 0.0008471596414016729, 0.0008453062087787329, 0.0008299480659721523, 0.000836814844037486, 0.0008093194067391648, 0.0008166652181755399, 0.0008217018083915862, 0.0008066474427987668, 0.0008087930951353374, 0.0007852410360047939, 0.0007877386037159898, 0.0007959636530729258, 0.0007662564603357002, 0.0007618424973347362, 0.0007747751615115705, 0.0007669538288591733, 0.000756070508022789, 0.0007686426030499166, 0.0007631198085416995, 0.0007498948512954604, 0.0007516524090128056, 0.0007619218231080145, 0.0007270336174654289, 0.0007138771831866414, 0.0007369694627257606, 0.0007316887330195182, 0.0007271175255960104, 0.0007188773489152217, 0.0007236703624911257, 0.0007165729754475392, 0.0007145834323781304, 0.0006918856223794949, 0.0007012979078588175, 0.0006839626729200422, 0.0006907442859466577, 0.0007038599563967855, 0.0006897048774708418, 0.0006788136510997079, 0.0006873245378720977, 0.0006524798784625909, 0.0006608110810244153, 0.0006817873000694025, 0.0006779561599884956, 0.0006865127121889569, 0.0006643872928091012, 0.0006776489121814781, 0.0006569240530731481, 0.000643511076507404, 0.0006593525093519854, 0.0006547914220114351, 0.0006284533613281544, 0.0006560150384354042, 0.0006407211638867414, 0.0006654356469617802, 0.0006405015143439865, 0.0006393169464693754, 0.0006338183189502383, 0.0006374359990647168, 0.0006241552718570601, 0.0006345160031347311, 0.0006074394161042995, 0.0006507052695989135, 0.0006262925487752443, 0.000616300853208571, 0.0006263363208017951, 0.0006450894512555514, 0.0006073068293897165, 0.0006097701686959223, 0.000626252726668311, 0.0006051127158192306, 0.0006171613246147234, 0.0005896879881664489, 0.0005737155541198038, 0.0006052832995048907, 0.0005942619037094907, 0.0005816178766569297, 0.0005833849911199916, 0.000588323591322402, 0.000580904953624525, 0.0006036086868504503, 0.0005808627081584827, 0.0005795999020954578, 0.0005806100165502983, 0.0005701011033656903, 0.0005831806927929173, 0.0005859699829749069, 0.000550550111187401, 0.0005450359499148134, 0.0005786266787513112], 'latent/consistency_tH': [0.0027197107672691347, 0.0037949602981502736, 0.0027811218255508574, 0.002369162509209601, 0.0018930316860751965, 0.0018087244761385425, 0.0018469575214503813, 0.0018277704501188582, 0.0017386856670450143, 0.0017704416476309979, 0.001731870240572358, 0.0016622594054177438, 0.0017019896521211124, 0.0017325637413523691, 0.0016136438886725155, 0.0016168575325373983, 0.0016082875337967983, 0.0015757456266726792, 0.0015131705218180392, 0.001509678604624727, 0.0014244123027942247, 0.0014012226460692093, 0.0014196319946570314, 0.0013453498666390366, 0.0013553573267179545, 0.0013358864443681977, 0.00135620578712355, 0.0013350269885208659, 0.0012945380473894702, 0.0013121485166142212, 0.0012833978805497216, 0.0012935752173567534, 0.0012427161803823335, 0.001271488700926586, 0.001275457050538978, 0.001252143220622037, 0.0012593201255040405, 0.0012678796906260754, 0.001301623748496835, 0.0012982346677841402, 0.0013081012028362323, 0.00127334820290496, 0.0013027034487660826, 0.0013074447658739557, 0.0012735080100863018, 0.0012583356030582318, 0.0012448246337930628, 0.0012595138125127984, 0.001264098178606034, 0.0012580039382160794, 0.0012242749612876081, 0.001223325964925852, 0.0012208779516469826, 0.001212355541671348, 0.0012378276976655095, 0.0012341827224241647, 0.001195730719719143, 0.001198102062661458, 0.0011996521369609617, 0.0012066289558469862, 0.0012044978499176455, 0.0011558500357626074, 0.0011610409799258541, 0.0011298173412272999, 0.0011797199804131696, 0.0011195821091172157, 0.0011239665834807846, 0.0011490525289368865, 0.0011447955836653653, 0.0011448393051499022, 0.001118999296399593, 0.0011376434460282929, 0.0011157696373932091, 0.0010763189586813814, 0.0010811906603118565, 0.0010816968546429784, 0.0010729532182957864, 0.0010834162416091676, 0.0010921868056145898, 0.0010542480467198919, 0.0010858022602656622, 0.0010612434808033398, 0.001047802289792446, 0.0010268421042480284, 0.0009984511031368765, 0.001002115699490193, 0.00096658439273082, 0.0009729134030615513, 0.0009949336614772518, 0.0009993861363528855, 0.0010053321659419774, 0.000974874997069083, 0.0009717415936748396, 0.0009321442323822707, 0.0009264468805022619, 0.0009383083084151511, 0.0009285111313629935, 0.0009212203426212137, 0.000899466098341826, 0.0009034233283819162, 0.000868533768870535, 0.0008848786120786392, 0.0008767995644840092, 0.0009022758872665224, 0.000858549399303484, 0.0008868749082715264, 0.000873036958091435, 0.000848221300058207, 0.0009028050199298913, 0.0008637609212926127, 0.0008321576667765067, 0.0008385650411059167, 0.0008047354032849829, 0.0008219495418685575, 0.0008191209635155244, 0.0008136869344641754, 0.0007863468116130957, 0.0008145492825871694, 0.0007934283581990035, 0.000781623702917774, 0.0007816010389792492, 0.0008143262224081281, 0.0007535977916810219, 0.0007758518272600708, 0.0007561618103907355, 0.0007674001872491263, 0.000743453367708708, 0.0007651057043532057, 0.0007532577902589697, 0.0007496424067537134, 0.0007519638158247517, 0.0007309387325834726, 0.0007545076873627549, 0.0007217482582030752, 0.0007064086923104784, 0.000739733342816958, 0.0007172020281134553, 0.000712581429638861, 0.0007072533564400792, 0.0007014440670344332, 0.0006876293958089067, 0.0007109624363324315, 0.0006774521435479309, 0.0006961235411470461, 0.0007018290711566572, 0.0006870128600881353, 0.0006939374782466589, 0.0006885763826599349, 0.0006702126663370929, 0.0006738122039135312, 0.0006701511968223109, 0.000660983267604757, 0.0006913495873570947, 0.0006620820182996148, 0.0006798848747613986, 0.0006764291495405822, 0.0006602487184161544, 0.0006524537828089537, 0.0006350054491737064, 0.0006509742377614787, 0.000659909727903929, 0.000620030158433861, 0.0006600956144982955, 0.0006360044608893787, 0.0006635962764205974, 0.0006157816960713665, 0.0006367637938546916, 0.000644869312338295, 0.0006366671588499274, 0.0006346840029223822, 0.0006372312031944746, 0.0006215362985985339, 0.0006335599520198542, 0.0006417328155009905, 0.0006112318586358031, 0.0006014708614166241, 0.0006152998011973099, 0.000592236028039568, 0.0006052824246472881, 0.0006050814826783675, 0.0006028930794017753, 0.0005994015125244487, 0.0005627447541149264, 0.0005908512261436661, 0.0005898924624356013, 0.0005781965316699363, 0.0005782018622978607, 0.0005952182361456809, 0.0005887229318801888, 0.0005873857478835024, 0.0005845684473354868, 0.0005733965433279169, 0.0005849206973915366, 0.0005702288144957805, 0.0005827388130152213, 0.0005754793779337838, 0.0005727924724659197, 0.0005537189482396958, 0.0005501773501198114, 0.0005640790978680837], 'latent/mppi_elite_value_std': [None, 0.0027370314448212133, 0.014253961917016998, 0.005031323380662808, 0.014054290505419866, 0.014592118850771727, 0.02676256159191176, 0.023733315209945732, 0.015238452077539287, 0.017253831718950466, 0.06035770319327856, 0.05202893901730454, 0.03816798985156396, 0.0575611249963724, 0.01624432129554168, 0.008703007285775204, 0.06217700058423137, 0.01301816503361917, 0.010586507339439385, 0.008225001792641044, 0.0078554677483513, 0.01349535151573592, 0.01606588693728847, 0.024247319969787764, 0.015116649246103432, 0.060592921207175694, 0.09270056258422586, 0.00806010872833169, 0.008713031023714573, 0.006828057809663227, 0.07618266227825145, 0.10649846987132665, 0.01314919236783568, 0.12578610280107075, 0.10209652557202488, 0.08146299007920438, 0.13043674648546, 0.08393246300345272, 0.07780207622050817, 0.1287400488316898, 0.06900032136953248, 0.0641559814981969, 0.12056651170412339, 0.07191128934855119, 0.08872930731773498, 0.13288680521370722, 0.07063559585291718, 0.08799822597887139, 0.21287563432101625, 0.14699750729544117, 0.104079617843203, 0.10149609595005932, 0.11176941142347332, 0.10158829093076402, 0.08154208837303907, 0.12354452369898486, 0.10699914817710623, 0.09464787297016325, 0.13427002206946337, 0.11886736972454828, 0.0651018044111714, 0.0846775806767114, 0.13681791847131078, 0.16141953632282482, 0.06838838090645685, 0.07109232269181945, 0.07891564435216628, 0.048057321154239524, 0.05327007323238377, 0.06825064515264055, 0.09054502599617319, 0.08206415217417545, 0.02681288731080107, 0.03122267663197768, 0.09742224446938445, 0.051558827227332266, 0.04465672470666018, 0.04889821236147567, 0.07034458934428392, 0.062026850636160084, 0.058196745001676584, 0.07442198157047156, 0.09423057826793584, 0.09279907144681013, 0.15653991178399823, 0.06420250930348999, 0.07026900665079563, 0.06084408305351246, 0.06339994627579862, 0.0444062835032592, 0.062754174464452, 0.1431999504838572, 0.04205725351441656, 0.04547500715457545, 0.0508259342820726, 0.04227271149915146, 0.0377802802481506, 0.03851642454538678, 0.033612354597851245, 0.04069834430056229, 0.03910612416462263, 0.04868685258854711, 0.037826678286901456, 0.04974712927167697, 0.042375263445280545, 0.04495568444122208, 0.02992057495897459, 0.034343802873098225, 0.027065016768675787, 0.027646438414235943, 0.03026050038244409, 0.03190206898380028, 0.027236147301760674, 0.08667166122273971, 0.03611088296364235, 0.02481463157913421, 0.03007896356347018, 0.0295165152332183, 0.02293805095328386, 0.023326269242074333, 0.03182265103420321, 0.030426093418731887, 0.026155669723511767, 0.038626560459624884, 0.02384027937544813, 0.02917800344712651, 0.022932697211362388, 0.020655421228943125, 0.02688292692659693, 0.024762144345690205, 0.02035755301539391, 0.02019562358086257, 0.02058178117210364, 0.024409972369240928, 0.026164829390087605, 0.025535044563017324, 0.026840629465949374, 0.021570346411367864, 0.03002809231349645, 0.030181401575010786, 0.021017388433653812, 0.019351592054396287, 0.014592005838608414, 0.021854018340894267, 0.02701306182142078, 0.05072900284234888, 0.030283986767076252, 0.024967881843081133, 0.023698892889930784, 0.023126662246859796, 0.021316602924519572, 0.019881116069986007, 0.016624879703280134, 0.03412494298286844, 0.01963973672222411, 0.02410873559079312, 0.022926433882905023, 0.015410063527533453, 0.01587213907163841, 0.021751549555467927, 0.021741786631182244, 0.02030767537231208, 0.017143525483198505, 0.017270063430454563, 0.022817549495475452, 0.020667151567489883, 0.016714077087876377, 0.021445635060380573, 0.020642357674235147, 0.020009911440202737, 0.020283673012877323, 0.02241777129294363, 0.02163526356054806, 0.014474800580675557, 0.020477540991751687, 0.023560462269727692, 0.01912648406988011, 0.021435747710876613, 0.022623972320203713, 0.012285122153422097, 0.021516391949919715, 0.01851882887877475, 0.013962285070854306, 0.02135636564601811, 0.029518338032327764, 0.015045053927957673, 0.017194559086480547, 0.016898877781585896, 0.017021933624093637, 0.014899153176931483, 0.0199163996488356, 0.027580858755344436, 0.016085722862160576, 0.022665679366378543, 0.0174864006402244, 0.018486759280044535, 0.015154627403831505, 0.018629061121933514, 0.019498838822204392, 0.0134777345737422], 'latent/mppi_plan_std': [None, 0.1726374860311818, 0.291275845604709, 0.10075848454711435, 0.08138440841205541, 0.187213572709919, 0.178274150661325, 0.12195066661519276, 0.12129117616545611, 0.12199111357768445, 0.11688268328121491, 0.15712019038312852, 0.10593170483947996, 0.23184471220080738, 0.05898811868831567, 0.05973211963002875, 0.20019194974749233, 0.06013537004438114, 0.05444935217048524, 0.054613978977908054, 0.06146722170772932, 0.06813250963268042, 0.06762091636549412, 0.06559796307703011, 0.059206167744957544, 0.25997955681988283, 0.10566106401561247, 0.05798132241357812, 0.05732861381215648, 0.0669289281535407, 0.1292678390525796, 0.16990007626214312, 0.06951762098146333, 0.15477864604244437, 0.14471842220304232, 0.15475633236646144, 0.20876263732636266, 0.13699862180574243, 0.15975659983815363, 0.19460068336575956, 0.11715800364386324, 0.15042766195679724, 0.17055181081069148, 0.12469075978423892, 0.1420394664286676, 0.16225215109500404, 0.1403534553981432, 0.1245426169648123, 0.22800733300298726, 0.16495976473234875, 0.15570353836290238, 0.15807061226819455, 0.12856096416662088, 0.16064803862529425, 0.14694367823842938, 0.14673413596684248, 0.14247866644030122, 0.12407949848088629, 0.14263264526848346, 0.11048971135797678, 0.13999322554841157, 0.11451027586836228, 0.1725441712812914, 0.18667109817043423, 0.13228784992528198, 0.11449919973556745, 0.11777972416236479, 0.11735111478386465, 0.12375612389856468, 0.13034186468563957, 0.14133463844333174, 0.11786786186994697, 0.10958201202341175, 0.12992728885197868, 0.1425490045446754, 0.11340159935677847, 0.11555468862622359, 0.09090240595110194, 0.1089517519943284, 0.11133177479152655, 0.09877627812244533, 0.12342939077225065, 0.11454852488997554, 0.14942185313934134, 0.1418552437385723, 0.1370002479976523, 0.08553458950420614, 0.11025424087258076, 0.12539823528075456, 0.12848595622776285, 0.1282786785230901, 0.16736470009573656, 0.13697821206436223, 0.10013238397043851, 0.1127486951222326, 0.11671711886706553, 0.11763130173053091, 0.10694088054462159, 0.12841400706881362, 0.13800754723456116, 0.11843240105467812, 0.16219639997074872, 0.13651196777017993, 0.14150976268232626, 0.15594119675293885, 0.14382654076914658, 0.1166702740661565, 0.14498575585668377, 0.12025369139805517, 0.12065584885851595, 0.1554657745505744, 0.13288849323609597, 0.12917970152590907, 0.15535751281912735, 0.13606119697315988, 0.12249951877381138, 0.1468749923815836, 0.14551842782719066, 0.1037174774733705, 0.11722350130694696, 0.142335723520635, 0.1217469381992952, 0.1327312605107624, 0.12107122071589461, 0.13520307064752354, 0.14377339901877753, 0.13060409956492836, 0.11902575940826725, 0.15790796624661893, 0.11886936481231222, 0.12092502488130204, 0.11753715575296445, 0.14984787041163863, 0.13395437414036054, 0.12023966557412669, 0.14680476428033934, 0.13522847801812382, 0.1245241379125386, 0.14873556810431918, 0.16860873019807696, 0.12289707161692162, 0.1345923318899563, 0.11975821953374284, 0.13879604728278097, 0.1510990197634224, 0.1329132328937854, 0.14136661798722386, 0.14330199097981677, 0.1527771416536278, 0.14195731638812578, 0.14158936386152038, 0.140680028635986, 0.13757027560408502, 0.17772686217953804, 0.13840422332570732, 0.1384361704558777, 0.15874408917602836, 0.13826973481259142, 0.1404642841066053, 0.1435330494248137, 0.16148691539653132, 0.14109123748094712, 0.1459960623493778, 0.14614851944431426, 0.15015624917055082, 0.13468099187639435, 0.15844754213784737, 0.16171409311671367, 0.16943371403565385, 0.16478038995780392, 0.1901362050507359, 0.16038214697184294, 0.13152677408953892, 0.1475304838805028, 0.17807793062574984, 0.1455544672200994, 0.1613115098689381, 0.16350741368726568, 0.16695389602549074, 0.14487119259186898, 0.15860190319576817, 0.15008738157204382, 0.13907075283422038, 0.15258080129742943, 0.12966252715463283, 0.14988280092002126, 0.15325170268914823, 0.1281548417549996, 0.17657495107627888, 0.1587925679676498, 0.16881580172842908, 0.18034221355446212, 0.15941816504493206, 0.1739378547045044, 0.16529703385802796, 0.1788646911906451, 0.15450437890481342, 0.15640237196710075, 0.1707353411496827, 0.14948898088627163], 'latent/z_active_frac': [0.1, 0.9999999999967275, 0.9999999999999994, 0.9999999999999994, 0.9999999999999994, 0.9999999999999994, 0.9999999999999994, 0.9999999999999994, 0.9999999999999994, 0.9999999999999994, 0.9999999999999994, 0.9999999999999994, 0.9999999999999994, 0.9999999999999994, 0.9999999999999994, 0.9999999999999994, 0.9999999999999994, 0.9999999999999994, 0.9999999999999994, 0.9999999999999994, 0.9999999999999994, 0.9999999999999994, 0.9999999999999994, 0.9999999999999994, 0.9999999999999994, 0.9999999999999994, 0.9999999999999994, 0.9999999999999994, 0.9999999999999994, 0.9999999999999994, 0.9999999999999994, 0.9999999999999994, 0.9999999999999994, 0.9999999999999994, 0.9999999999999994, 0.9999999999999994, 0.9999999999999994, 0.9999999999999994, 0.9999999999999994, 0.9999999999999994, 0.9999999999999994, 0.9999999999999994, 0.9999999999999994, 0.9999999999999994, 0.9999999999999994, 0.9999999999999994, 0.9999999999999994, 0.9999999999999994, 0.9999999999999994, 0.9999999999999994, 0.9999999999999994, 0.9999999999999994, 0.9999999999999994, 0.9999999999999994, 0.9999999999999994, 0.9999999999999994, 0.9999999999999994, 0.9999999999999994, 0.9999999999999994, 0.9999999999999994, 0.9999999999999994, 0.9999999999999994, 0.9999999999999994, 0.9999999999999994, 0.9999999999999994, 0.9999999999999994, 0.9999999999999994, 0.9999999999999994, 0.9999999999999994, 0.9999999999999994, 0.9999999999999994, 0.9999999999999994, 0.9999999999999994, 0.9999999999999994, 0.9999999999999994, 0.9999999999999994, 0.9999999999999994, 0.9999999999999994, 0.9999999999999994, 0.9999999999999994, 0.9999999999999994, 0.9999999999999994, 0.9999999999999994, 0.9999999999999994, 0.9999999999999994, 0.9999999999999994, 0.9999999999999994, 0.9999999999999994, 0.9999999999999994, 0.9999999999999994, 0.9999999999999994, 0.9999999999999994, 0.9999999999999994, 0.9999999999999994, 0.9999999999999994, 0.9999999999999994, 0.9999999999999994, 0.9999999999999994, 0.9999999999999994, 0.9999999999999994, 0.9999999999999994, 0.9999999999999994, 0.9999999999999994, 0.9999999999999994, 0.9999999999999994, 0.9999999999999994, 0.9999999999999994, 0.9999999999999994, 0.9999999999999994, 0.9999999999999994, 0.9999999999999994, 0.9999999999999994, 0.9999999999999994, 0.9999999999999994, 0.9999999999999994, 0.9999999999999994, 0.9999999999999994, 0.9999999999999994, 0.9999999999999994, 0.9999999999999994, 0.9999999999999994, 0.9999999999999994, 0.9999999999999994, 0.9999999999999994, 0.9999999999999994, 0.9999999999999994, 0.9999999999999994, 0.9999999999999994, 0.9999999999999994, 0.9999999999999994, 0.9999999999999994, 0.9999999999999994, 0.9999999999999994, 0.9999999999999994, 0.9999999999999994, 0.9999999999999994, 0.9999999999999994, 0.9999999999999994, 0.9999999999999994, 0.9999999999999994, 0.9999999999999994, 0.9999999999999994, 0.9999999999999994, 0.9999999999999994, 0.9999999999999994, 0.9999999999999994, 0.9999999999999994, 0.9999999999999994, 0.9999999999999994, 0.9999999999999994, 0.9999999999999994, 0.9999999999999994, 0.9999999999999994, 0.9999999999999994, 0.9999999999999994, 0.9999999999999994, 0.9999999999999994, 0.9999999999999994, 0.9999999999999994, 0.9999999999999994, 0.9999999999999994, 0.9999999999999994, 0.9999999999999994, 0.9999999999999994, 0.9999999999999994, 0.9999999999999994, 0.9999999999999994, 0.9999999999999994, 0.9999999999999994, 0.9999999999999994, 0.9999999999999994, 0.9999999999999994, 0.9999999999999994, 0.9999999999999994, 0.9999999999999994, 0.9999999999999994, 0.9999999999999994, 0.9999999999999994, 0.9999999999999994, 0.9999999999999994, 0.9999999999999994, 0.9999999999999994, 0.9999999999999994, 0.9999999999999994, 0.9999999999999994, 0.9999999999999994, 0.9999999999999994, 0.9999999999999994, 0.9999999999999994, 0.9999999999999994, 0.9999999999999994, 0.9999999999999994, 0.9999999999999994, 0.9999999999999994, 0.9999999999999994, 0.9999999999999994, 0.9999999999999994, 0.9999999999999994, 0.9999999999999994, 0.9999999999999994], 'latent/encoder_grad_norm': [0.012790218799685352, 0.022024282627168414, 0.03004632709399587, 0.03441298865099925, 0.04498151848654892, 0.04302847072347871, 0.04873969613491623, 0.04963651018562591, 0.06973472711289741, 0.06480669831667375, 0.061931906661999235, 0.07582759266923815, 0.0679215505602291, 0.07765404476754555, 0.07199899900013175, 0.08345243824546056, 0.08299766297404526, 0.08162440677704833, 0.07381889243311196, 0.08017668390466097, 0.08474217435403314, 0.08626751736226482, 0.08201093683034828, 0.0826531892490557, 0.07668625616742569, 0.08787389178861742, 0.0860025605116775, 0.0987273135574177, 0.10136166097603687, 0.10160112167710157, 0.10883752012447422, 0.10277888174375285, 0.10479181991001836, 0.12492497796739298, 0.10323067447547962, 0.1170950841518532, 0.10882077540480663, 0.10208886642289536, 0.11453884469054303, 0.10530260917324798, 0.12212780879064286, 0.12211285184800184, 0.11788685291642431, 0.11713396364264168, 0.12128852410595219, 0.12132106805916132, 0.1426643162007703, 0.12772712713673517, 0.12182457126733265, 0.15712019007283945, 0.1362553178557345, 0.14096366849673536, 0.13096107165557752, 0.14263671902727576, 0.13703303905527175, 0.1612083638815682, 0.15337021997289102, 0.13287932731763272, 0.13021927145828804, 0.17230874995471657, 0.18575003220751712, 0.16968902529725968, 0.14026082991388486, 0.17795926741918436, 0.14704447622577285, 0.1543571267813285, 0.1456446741499501, 0.15033139515882904, 0.14993322158949096, 0.18761483831631215, 0.1415082494093613, 0.16520038523702407, 0.13930126898692005, 0.14914376423615058, 0.15269548075566503, 0.16544385992971877, 0.15833767767833867, 0.17155605785144915, 0.17015622247160425, 0.14690176762309679, 0.1337934150400203, 0.1566239767004418, 0.1985726833630172, 0.16052688842892676, 0.14594506618497383, 0.1553056658413375, 0.13700567065790642, 0.1597114683064044, 0.16998938118217097, 0.15628083080846958, 0.14845542575954956, 0.15028782083210504, 0.15108407754470315, 0.17585425835056986, 0.15129217125013447, 0.18479509010885356, 0.14837181583168618, 0.15734471295779603, 0.13719583920335662, 0.1408625183049038, 0.15558607825538276, 0.14183167648908906, 0.13509522154692094, 0.17653453285589743, 0.16462035925566676, 0.15039934052202156, 0.16032181188254527, 0.16866002807174202, 0.14806799620281616, 0.1383120752147453, 0.12487443056760808, 0.16210684414936855, 0.14623051592708444, 0.13817968219342286, 0.19878479077238972, 0.1274729409949159, 0.13037592899489575, 0.13711528852149682, 0.14047521451815884, 0.1440232152771105, 0.17569092215739762, 0.13854355520559497, 0.12420000266510826, 0.13384667598898595, 0.14861687270986532, 0.1454934564136465, 0.13113375918001607, 0.16666636463876708, 0.13791628318718327, 0.13976168078651627, 0.15097543389410775, 0.11524909165376317, 0.128469969349703, 0.12606663636960735, 0.14259059194789114, 0.1608868191654234, 0.11724598027285807, 0.11956605370731198, 0.1393240505571896, 0.11946833974314626, 0.133479598901565, 0.1253454352145671, 0.12607087796587424, 0.14092538112622247, 0.10449226191199407, 0.14605203693124827, 0.12083125051212068, 0.1136948275354086, 0.13494212707119607, 0.15163835406052895, 0.13466549441813996, 0.11615524937311257, 0.1589654438843638, 0.13241009337029694, 0.10721067422309141, 0.13307807666981677, 0.11890113759771964, 0.1103115087708034, 0.1219295155453319, 0.11374179588672889, 0.16974774794141356, 0.12365287654612395, 0.11196178456290196, 0.1413217989404844, 0.1126335008785389, 0.14013733848156745, 0.11748549589454912, 0.1095014403135221, 0.1279228305526815, 0.13351195131484667, 0.14546595910544505, 0.11781338112401092, 0.11806229521926052, 0.11294443566178104, 0.13110445225998535, 0.1355313996902406, 0.12724802724956472, 0.11543510560037026, 0.12950128816347975, 0.09970690084458939, 0.11590146329032386, 0.12433067437820994, 0.11424838158926749, 0.12083400296155306, 0.11992678168620072, 0.10860377418114012, 0.12031234817204259, 0.09727739882022651, 0.12851003568809682, 0.1152671262370402, 0.11140487425504231, 0.12590860474595855, 0.1049175145617974, 0.10697007459532051, 0.11661939029363347, 0.09837456954679655, 0.10910838436820229, 0.11477500774054286, 0.11413320798841185, 0.14492193501254338], 'step': [1000, 2000, 3000, 4000, 5000, 6000, 7000, 8000, 9000, 10000, 11000, 12000, 13000, 14000, 15000, 16000, 17000, 18000, 19000, 20000, 21000, 22000, 23000, 24000, 25000, 26000, 27000, 28000, 29000, 30000, 31000, 32000, 33000, 34000, 35000, 36000, 37000, 38000, 39000, 40000, 41000, 42000, 43000, 44000, 45000, 46000, 47000, 48000, 49000, 50000, 51000, 52000, 53000, 54000, 55000, 56000, 57000, 58000, 59000, 60000, 61000, 62000, 63000, 64000, 65000, 66000, 67000, 68000, 69000, 70000, 71000, 72000, 73000, 74000, 75000, 76000, 77000, 78000, 79000, 80000, 81000, 82000, 83000, 84000, 85000, 86000, 87000, 88000, 89000, 90000, 91000, 92000, 93000, 94000, 95000, 96000, 97000, 98000, 99000, 100000, 101000, 102000, 103000, 104000, 105000, 106000, 107000, 108000, 109000, 110000, 111000, 112000, 113000, 114000, 115000, 116000, 117000, 118000, 119000, 120000, 121000, 122000, 123000, 124000, 125000, 126000, 127000, 128000, 129000, 130000, 131000, 132000, 133000, 134000, 135000, 136000, 137000, 138000, 139000, 140000, 141000, 142000, 143000, 144000, 145000, 146000, 147000, 148000, 149000, 150000, 151000, 152000, 153000, 154000, 155000, 156000, 157000, 158000, 159000, 160000, 161000, 162000, 163000, 164000, 165000, 166000, 167000, 168000, 169000, 170000, 171000, 172000, 173000, 174000, 175000, 176000, 177000, 178000, 179000, 180000, 181000, 182000, 183000, 184000, 185000, 186000, 187000, 188000, 189000, 190000, 191000, 192000, 193000, 194000, 195000, 196000, 197000, 198000, 199000, 200000]}
  implicit_horizon_degradation_ratio: [1.0254, 0.9855, 0.9912, 0.9977, 0.9918, 1.0043]...

--- cross_agent_cca_timeline ---
  shared_steps: [10000, 20000, 30000, 40000, 50000, 60000]...
  mean_canonical_corr: [0.5009, 0.5046, 0.4932, 0.4988, 0.4975, 0.4933]...
  top1_canonical_corr: [0.5888, 0.5795, 0.6048, 0.5743, 0.5708, 0.5713]...

