Latent Space Analysis Report
==================================================

--- snapshot_geometry ---
  explicit_steps: [10000, 20000, 30000, 40000, 50000, 60000]...
  explicit_participation_ratio: [46.3766, 45.3794, 44.1071, 40.7459, 39.8712, 39.0165]...
  explicit_dims_95pct: [51, 51, 51, 50, 50, 50]...
  explicit_dead_unit_frac: [0.0, 0.0, 0.0, 0.0, 0.0, 0.0]...
  explicit_median_r2: [0.167, 0.4233, 0.4787, 0.496, 0.5362, 0.5864]...
  implicit_steps: [10000, 20000, 30000, 40000, 50000, 60000]...
  implicit_participation_ratio: [8.8098, 9.7136, 9.9122, 10.1144, 10.0579, 9.7839]...
  implicit_dims_95pct: [19, 20, 20, 21, 21, 21]...
  implicit_dead_unit_frac: [0.0, 0.0, 0.0, 0.0, 0.0, 0.0]...
  implicit_median_r2: [0.9742, 0.972, 0.9685, 0.9753, 0.973, 0.979]...

--- metrics_timeline ---
  explicit: {'wm/kl_active_vars': [2.10442278, 3.692231691248336, 3.331358787709807, 4.985700048137437, 6.557861588331824, 5.6967887222570495, 4.88128666697066, 5.446561179721076, 5.886051854747649, 6.565396388210946, 6.919467073320698, 6.761885471100145, 6.3435593866285735, 4.966364776293541, 4.023347409642128, 4.070308580632892, 4.061085633809803, 4.317030859760304, 4.277227535303882, 4.537113287258627, 4.586520099546878, 4.629557123480616, 4.6897562681778, 4.4173191943054855, 4.564526506810775, 4.4021658932500545, 4.390216494723429, 4.026687828247042, 3.801300414329435, 3.001375715295511, 3.2724520688106944, 2.715261466205175, 2.6815666201877635, 2.5093937329188356, 2.711867379649383, 2.5649748656071862, 2.798623816866253, 2.6482930277463046, 2.998347522975396, 2.792213438732081, 2.9821714872115344, 3.074077673187042, 3.107893209498936, 3.122214255049063, 3.253672343307141, 3.1868859322965104, 3.4775168020485387, 3.412859041728292, 3.727342510585441, 3.5438404226756455, 3.7467407874565946, 3.785984192475649, 4.059340061934829, 4.040460546178431, 3.9792544672439605, 3.9875492031069224, 4.0874364913322045, 4.053569204719996, 4.524231706051255, 4.242078759438804, 4.180203370873233, 4.209224207036362, 4.32534140686349, 4.080898697063792, 4.121217217233447, 3.9557776865680023, 3.8841516756026424, 4.007843057700462, 4.12354924172233, 4.348118341530937, 4.045242715535745, 3.888950252957257, 4.047969965204446, 4.176362727579772, 4.0436680496760955, 3.869367112120216, 3.9222982097881127, 3.844870200334433, 3.8919215664616473, 3.854076345774106, 3.769478423993792, 3.9696216790244163, 3.8348019826125173, 3.71494116804105, 3.7537760789269536, 4.102268415077527, 3.687526244092825, 3.948181138171764, 3.314557590262268, 3.405818929137073, 3.5501332387023137, 3.5698378720313766, 3.606954035591367, 3.662482292417323, 3.6000916066732915, 3.805148637980331, 3.664529546756877, 3.6942771942465864, 3.532397758152725, 3.7531879691951686, 3.5704356846869416, 3.5319267707096706, 3.4395211737948688, 3.63742371549683, 3.5752227246725807, 3.6375200918416275, 3.958763130410648, 3.666995226678109, 3.2729054729577998, 3.3804348426797493, 3.4816913561212903, 3.488022766778818, 3.4462556113881546, 3.3385292921479977, 3.3881488195700866, 3.498657026594549, 3.5337096934336785, 3.5203502173413384, 3.449947122742085, 3.513268769632039, 3.469041480958368, 3.559444048865238, 3.8833094398292505, 3.538823405124357, 3.23885273724885, 3.4805751918310333, 3.6766011861039516, 3.4369540715150277, 3.3904421580958473, 3.4372188660944394, 3.665569621187807, 3.3088519960512652, 3.24931844046898, 3.716631940963292, 3.6310806126629225, 3.7017030028352043, 3.1727173792960564, 3.3326233389801176, 3.1898787298894478, 3.466677656166633, 3.305197109514384, 3.214434968502993, 3.255001195922117, 3.175119981396467, 3.5261844925770744, 3.3031348335304638, 3.1737516694660846, 3.2036884929397083, 3.0914055008967996, 3.3464552781332815, 3.292805293959548, 3.187443914404266, 3.1734608837509475, 3.25569532349705, 3.1723220217729704, 3.438150520157676, 3.523775448154102, 3.2089836736319306, 3.32209416241414, 3.2251523568497626, 3.2362033125378673, 3.069187608963926, 3.513451726554245, 3.438664847256206, 3.2049536317304597, 3.398065466611146, 3.4380971122713735, 3.2241791104734103, 3.470058444495442, 3.2433516823780355, 3.1408703504987177, 3.100176199135965, 3.218449168510718, 3.079844590619807, 3.1972565016295835, 3.0647949816382916, 3.1134380911235615, 3.3444970879126785, 3.2477391476447908, 3.24927618648275, 3.1096895987623547, 3.3667568739514806, 3.09934184879223, 3.246207963033278, 3.3058910312427, 3.503366853091564, 3.053883493868911, 3.253074403768566, 3.1593704600559454, 3.067680808453365, 3.1211424476656555, 3.004798061676575, 3.004862083240452, 2.883021276062834, 2.916566559935932, 2.7734106984871083, 3.0716606713808776, 3.035779878196043, 3.2066415125651933, 2.996355940563819], 'wm/kl_min_var': [0.01418542399850799, 0.03043349451655939, 0.04368974758544133, 0.059117992580372265, 0.08038251828740521, 0.06639149916554218, 0.06191023796746268, 0.061806729004607416, 0.06465524995737591, 0.07403375419517386, 0.07791016392232537, 0.08104487251764321, 0.08040065248246077, 0.07585498958886484, 0.07716817753847746, 0.07329876739843404, 0.07037489205648909, 0.06730133247846767, 0.06864238566314733, 0.06777332993663085, 0.06552227183483808, 0.06692395547617601, 0.06740422497429058, 0.0682449626840029, 0.06615661476277374, 0.06422003424502502, 0.06987033571023227, 0.06956507181619821, 0.06624751584297098, 0.06651027147872135, 0.06648650493652622, 0.06471586852103856, 0.06720483496531167, 0.06651148830055877, 0.0634682031060726, 0.06594664139152465, 0.06609613165666069, 0.06752897673806486, 0.06586999265690836, 0.06670811324192605, 0.06645537994304751, 0.06716297971539316, 0.06974841648223427, 0.06647424282181481, 0.07144427849733458, 0.0719824408439707, 0.07382728843584609, 0.07189016750471189, 0.07424568116899267, 0.07179211215747484, 0.07519699743193099, 0.07468943406152075, 0.0733969165235493, 0.07400457866077524, 0.07386776642413312, 0.07477208257976957, 0.07685606380493624, 0.07600370769276685, 0.07616023842266434, 0.07370522355114738, 0.07276226605413262, 0.07537334109387674, 0.07530851235771534, 0.07695887593155036, 0.07577122154377999, 0.07455260539747592, 0.07373309040453963, 0.0752576225725204, 0.07560761830624849, 0.07966250634747842, 0.07630071618111543, 0.07557239305096444, 0.07621091569464754, 0.07510663022769314, 0.07775574565502968, 0.07776940026579048, 0.07969426339555608, 0.07782740609471067, 0.07681626903133743, 0.07812304147049297, 0.07916408761768125, 0.0809736670370125, 0.07919879510669839, 0.08030909994279833, 0.07893023336866813, 0.07934990474921387, 0.07748965395538111, 0.07558710921134552, 0.07785114271225603, 0.07568070214557439, 0.07876458774163674, 0.0803500997676808, 0.07808229848276202, 0.07872648228637517, 0.07912249627927483, 0.07841773943554876, 0.07861033531469207, 0.07743291962450677, 0.0746027393216576, 0.07458610758695153, 0.07823442607101659, 0.0772301193046579, 0.07707116232784637, 0.07678131360579998, 0.07453955338215615, 0.07824225760727, 0.08088545450424217, 0.07705671301390633, 0.07672148844829567, 0.07763576384561256, 0.076350935622809, 0.07433193254279286, 0.07794513310084139, 0.0770706499299974, 0.07879157248947552, 0.07717149431274556, 0.07656381611045102, 0.07593205204809238, 0.0758703480646981, 0.0779331779059848, 0.07645110399172213, 0.07663563819773375, 0.07922055376590306, 0.07670957303861776, 0.07497374377803386, 0.077068585258613, 0.07805574000057508, 0.07635152017292207, 0.0755372848568387, 0.07473902005216505, 0.07564142930010617, 0.077800672725064, 0.07755171365921844, 0.07877056163573008, 0.0778200996042916, 0.07705224366614971, 0.0760632868108988, 0.07695844631018044, 0.0748791842646148, 0.07578258448991632, 0.0770525294369973, 0.07504015431949557, 0.07488821213601567, 0.07755127418410368, 0.07600529302708273, 0.0750528349564455, 0.07403546417144737, 0.07527029174238445, 0.07472328568356486, 0.07654451572383479, 0.07516625070822432, 0.07563544128917693, 0.07456518346272835, 0.07401451613859665, 0.0771820022353163, 0.07677756581478849, 0.0768247490063257, 0.07440420850750125, 0.07338682534024447, 0.07319793116955395, 0.07312511918672797, 0.07536497260151179, 0.07637569891955076, 0.07605209333964631, 0.0721055419240867, 0.07603689564987184, 0.07857900066113072, 0.07355802567530381, 0.07396361232995347, 0.07481053383065217, 0.07351314791125778, 0.0741501113291748, 0.07304946315814341, 0.07281920893548532, 0.07665075527944679, 0.07333180088033162, 0.07318975220549433, 0.0735651157966728, 0.0761932544841813, 0.07468216028951541, 0.07634119752457513, 0.0759511289982995, 0.07361491489569723, 0.07357923643122015, 0.0730417558701796, 0.07581984957815054, 0.07376236055125605, 0.07285157656137829, 0.07414007773861275, 0.07550105194948771, 0.07440712371144123, 0.07469868947997643, 0.07442323954895562, 0.07329928692314785, 0.07129739969215551, 0.0736202564105398, 0.07572274097997853, 0.07555804191593529, 0.07445081262526675, 0.07295157187601024], 'latent/z_active_frac': [0.5695327900000001, 0.9202335569231275, 0.9852191170585654, 0.9969567472778296, 0.9994360791266039, 0.9998838936929647, 0.999978485266901, 0.9999960132765209, 0.9999991791689895, 0.9999998478983565, 0.9999999718152583, 0.9999999941970116, 0.9999999989246946, 0.9999999997786042, 0.9999999999589751, 0.999999999992398, 0.9999999999984347, 0.9999999999997098, 0.9999999999999462, 0.9999999999999889, 0.9999999999999979, 0.9999999999999994, 0.9999999999999994, 0.9999999999999994, 0.9999999999999994, 0.9999999999999994, 0.9999999999999994, 0.9999999999999994, 0.9999999999999994, 0.9999999999999994, 0.9999999999999994, 0.9999999999999994, 0.9999999999999994, 0.9999999999999994, 0.9999999999999994, 0.9999999999999994, 0.9999999999999994, 0.9999999999999994, 0.9999999999999994, 0.9999999999999994, 0.9999999999999994, 0.9999999999999994, 0.9999999999999994, 0.9999999999999994, 0.9999999999999994, 0.9999999999999994, 0.9999999999999994, 0.9999999999999994, 0.9999999999999994, 0.9999999999999994, 0.9999999999999994, 0.9999999999999994, 0.9999999999999994, 0.9999999999999994, 0.9999999999999994, 0.9999999999999994, 0.9999999999999994, 0.9999999999999994, 0.9999999999999994, 0.9999999999999994, 0.9999999999999994, 0.9999999999999994, 0.9999999999999994, 0.9999999999999994, 0.9999999999999994, 0.9999999999999994, 0.9999999999999994, 0.9999999999999994, 0.9999999999999994, 0.9999999999999994, 0.9999999999999994, 0.9999999999999994, 0.9999999999999994, 0.9999999999999994, 0.9999999999999994, 0.9999999999999994, 0.9999999999999994, 0.9999999999999994, 0.9999999999999994, 0.9999999999999994, 0.9999999999999994, 0.9999999999999994, 0.9999999999999994, 0.9999999999999994, 0.9999999999999994, 0.9999999999999994, 0.9999999999999994, 0.9999999999999994, 0.9999999999999994, 0.9999999999999994, 0.9999999999999994, 0.9999999999999994, 0.9999999999999994, 0.9999999999999994, 0.9999999999999994, 0.9999999999999994, 0.9999999999999994, 0.9999999999999994, 0.9999999999999994, 0.9999999999999994, 0.9999999999999994, 0.9999999999999994, 0.9999999999999994, 0.9999999999999994, 0.9999999999999994, 0.9999999999999994, 0.9999999999999994, 0.9999999999999994, 0.9999999999999994, 0.9999999999999994, 0.9999999999999994, 0.9999999999999994, 0.9999999999999994, 0.999878930635346, 0.9999775656023044, 0.9999953809564605, 0.9999991440819067, 0.9999998237740548, 0.9999117077781439, 0.9999836392730381, 0.9999966314714039, 0.9999993758048504, 0.9999998843353786, 0.99999997618568, 0.9999999955871584, 0.999999999091435, 0.9997468738660459, 0.9999530952163457, 0.9999903427209927, 0.999933869262482, 0.9999877458408275, 0.9999974769772952, 0.9999995324787989, 0.9997186526686469, 0.9999478657714922, 0.9999903394222045, 0.999998010972701, 0.9999996314292259, 0.9999999317030913, 0.9998654644219903, 0.9999750702857829, 0.9999948671929171, 0.9997712355114491, 0.9999576094784223, 0.9997862401353902, 0.999960389865531, 0.9999926601621145, 0.9999984887924683, 0.9999997199701934, 0.9999999423443461, 0.9998145787274162, 0.999965641063846, 0.9998584042834557, 0.9999737620278588, 0.9999951380507907, 0.999998998967773, 0.9996078797044652, 0.9997981965437813, 0.999734792043109, 0.9998418940019754, 0.9996861963041922, 0.9999418515416332, 0.9996836267796969, 0.9999348615595074, 0.9999879297154697, 0.9999975148354533, 0.9997717261249565, 0.9999577003900957, 0.9999030313185971, 0.9999820315075675, 0.9998986042167064, 0.999979123507388, 0.9999961315437719, 0.9999992035191676, 0.9999998524104936, 0.9999999726513663, 0.9999999943691588, 0.9994718346167832, 0.9996078585559358, 0.9996380104812567, 0.9995634119716456, 0.9998011479683947, 0.999963152317084, 0.9999288308257435, 0.9992183821580117, 0.9998551646358828, 0.9995985732479871, 0.999067707699545, 0.9992588479709702, 0.9993554478692566, 0.9997460416726146, 0.9994666579042072, 0.9994416736155012, 0.9995069801327046, 0.9999086424232397, 0.9994528139401508, 0.9994999416707258, 0.9998970424244723, 0.9995502959922812, 0.9998372353293197], 'latent/encoder_grad_norm': [None, None, None, None, None, None, None, None, None, None, None, None, None, None, None, None, None, None, None, None, None, None, None, None, None, None, None, None, None, None, None, None, None, None, None, None, None, None, None, None, None, None, None, None, None, None, None, None, None, None, None, None, None, None, None, None, None, None, None, None, None, None, None, None, None, None, None, None, None, None, None, None, None, None, None, None, None, None, None, None, None, None, None, None, None, None, None, None, None, None, None, None, None, None, None, None, None, None, None, None, None, None, None, None, None, None, None, None, None, None, None, None, None, None, None, None, None, None, None, None, None, None, None, None, None, None, None, None, None, None, None, None, None, None, None, None, None, None, None, None, None, None, None, None, None, None, None, None, None, None, None, None, None, None, None, None, None, None, None, None, None, None, None, None, None, None, None, None, None, None, None, None, None, None, None, None, None, None, None, None, None, None, None, None, None, None, None, None, None, None, None, None, None, None, None, None, None, None, None, None], 'step': [1000, 2000, 3000, 4000, 5000, 6000, 7000, 8000, 9000, 10000, 11000, 12000, 13000, 14000, 15000, 16000, 17000, 18000, 19000, 20000, 21000, 22000, 23000, 24000, 25000, 26000, 27000, 28000, 29000, 30000, 31000, 32000, 33000, 34000, 35000, 36000, 37000, 38000, 39000, 40000, 41000, 42000, 43000, 44000, 45000, 46000, 47000, 48000, 49000, 50000, 51000, 52000, 53000, 54000, 55000, 56000, 57000, 58000, 59000, 60000, 61000, 62000, 63000, 64000, 65000, 66000, 67000, 68000, 69000, 70000, 71000, 72000, 73000, 74000, 75000, 76000, 77000, 78000, 79000, 80000, 81000, 82000, 83000, 84000, 85000, 86000, 87000, 88000, 89000, 90000, 91000, 92000, 93000, 94000, 95000, 96000, 97000, 98000, 99000, 100000, 101000, 102000, 103000, 104000, 105000, 106000, 107000, 108000, 109000, 110000, 111000, 112000, 113000, 114000, 115000, 116000, 117000, 118000, 119000, 120000, 121000, 122000, 123000, 124000, 125000, 126000, 127000, 128000, 129000, 130000, 131000, 132000, 133000, 134000, 135000, 136000, 137000, 138000, 139000, 140000, 141000, 142000, 143000, 144000, 145000, 146000, 147000, 148000, 149000, 150000, 151000, 152000, 153000, 154000, 155000, 156000, 157000, 158000, 159000, 160000, 161000, 162000, 163000, 164000, 165000, 166000, 167000, 168000, 169000, 170000, 171000, 172000, 173000, 174000, 175000, 176000, 177000, 178000, 179000, 180000, 181000, 182000, 183000, 184000, 185000, 186000, 187000, 188000, 189000, 190000, 191000, 192000, 193000, 194000, 195000, 196000, 197000, 198000, 199000, 200000]}
  implicit: {'latent/consistency_t0': [0.0019426673650741579, 0.00016628475515149667, 0.0001008788992025402, 7.674553018404266e-05, 5.6649219028394264e-05, 5.515082856608079e-05, 4.852186443371763e-05, 4.5172247586188625e-05, 4.1451679901625926e-05, 3.3421999678058714e-05, 3.266239704497483e-05, 3.261865641128935e-05, 3.1006670067325235e-05, 2.9405553023253216e-05, 2.7746908332707527e-05, 2.7798812203549114e-05, 2.5404499693260663e-05, 2.377226003660159e-05, 2.444387269851422e-05, 2.4117901945765186e-05, 2.4274583694596778e-05, 2.464320476675366e-05, 2.6110434535599796e-05, 2.2750114099605477e-05, 2.1031283616973144e-05, 2.010467314856264e-05, 2.282735153972032e-05, 2.1841635774081388e-05, 2.101149904072859e-05, 1.9069030207355382e-05, 1.9372589920953548e-05, 1.8416604879018785e-05, 1.8338432657471447e-05, 1.974309011978774e-05, 1.9584617760057567e-05, 2.2844823660997066e-05, 1.870320110760571e-05, 1.7817274931729762e-05, 1.6910413850095817e-05, 1.6750874225274644e-05, 1.6492253664267424e-05, 1.719431219760342e-05, 1.780870189854532e-05, 1.3652474736265421e-05, 2.1414453840106973e-05, 1.6897194942820558e-05, 1.7246376610508134e-05, 1.4141700472600553e-05, 1.3980339872911995e-05, 1.6298117481981485e-05, 1.5001849224400812e-05, 1.2042916308639573e-05, 1.226367182732078e-05, 1.0971019519540756e-05, 1.174994427842163e-05, 1.3803611399745337e-05, 1.4446358810902841e-05, 1.531389324896648e-05, 1.1720584907042821e-05, 1.4511854264431389e-05, 1.4160960258581379e-05, 1.4339782094409207e-05, 1.1455558686113188e-05, 1.192328382423632e-05, 1.1372328164877627e-05, 1.1237097083425686e-05, 1.158368534661794e-05, 1.2849413141299e-05, 9.139006596322479e-06, 1.190806090120187e-05, 1.2762071793447571e-05, 1.0247948709459167e-05, 1.164965244399406e-05, 1.2530691136765672e-05, 1.2621263871295125e-05, 1.3073570274513894e-05, 9.943256824783626e-06, 1.2369647733543908e-05, 1.2213559741271999e-05, 1.2754481158343427e-05, 1.0798003613895591e-05, 1.0882034323325727e-05, 1.076206150205228e-05, 1.1148004729211838e-05, 1.1276386758707146e-05, 9.757768426542225e-06, 1.1909501545556485e-05, 9.836738251233495e-06, 1.180224111132029e-05, 8.835810256864849e-06, 9.364834975231874e-06, 9.562595739663588e-06, 1.2257740433163016e-05, 1.3032527290362676e-05, 9.04914348339159e-06, 8.048825988611574e-06, 8.962886432099945e-06, 9.000514865583524e-06, 1.0713413898599532e-05, 8.901491090294849e-06, 8.620187216712814e-06, 7.945298231184969e-06, 9.309428736308872e-06, 1.1060034648575046e-05, 6.798683274983876e-06, 1.337093598730977e-05, 7.41848250863891e-06, 8.232717407667464e-06, 8.836925668109316e-06, 6.840036473815374e-06, 9.19682858193643e-06, 9.3879680869442e-06, 8.896642627314956e-06, 1.371578772630406e-05, 8.205936313957694e-06, 8.282454833552379e-06, 8.989386886139404e-06, 7.909395338967682e-06, 9.040044313055885e-06, 9.769837145295512e-06, 9.136310715656977e-06, 6.794352402169357e-06, 7.431635228378714e-06, 7.80813972748336e-06, 9.314991290632488e-06, 8.658089997938891e-06, 8.624462332120163e-06, 6.002197887131902e-06, 8.17888279746337e-06, 7.3756453638204705e-06, 9.429742781902323e-06, 6.62632753338952e-06, 8.89833914342321e-06, 8.145526317954335e-06, 6.130332772670505e-06, 6.167964181913917e-06, 5.553311523884095e-06, 5.818235587679123e-06, 6.967656298022218e-06, 6.471572200826012e-06, 5.984787695911077e-06, 7.698899319557691e-06, 5.906548992297277e-06, 6.684933099968025e-06, 6.844297932910608e-06, 6.843957869265052e-06, 7.481883788773806e-06, 7.1335629818614436e-06, 1.1259806612914823e-05, 6.294322593785305e-06, 6.938970312141239e-06, 4.902023858193629e-06, 6.907234344643537e-06, 6.022154859091939e-06, 4.1373062704133905e-06, 6.468042540100202e-06, 5.6315241977342876e-06, 7.67250948358328e-06, 4.213425207587169e-06, 6.849876939702987e-06, 8.105090457667982e-06, 7.006871725616781e-06, 5.322308895027348e-06, 3.8269313774096196e-06, 5.887908724620821e-06, 7.187594450359925e-06, 4.23842931708361e-06, 7.165645910002997e-06, 5.9239634451451245e-06, 4.827354037200323e-06, 5.806625916086297e-06, 7.1241882018796405e-06, 1.0165895709421572e-05, 5.616408141122632e-06, 6.2530706308291215e-06, 5.039163184867303e-06, 7.5798546643500465e-06, 4.6502930606990275e-06, 7.0969410792126335e-06, 6.9385809836755055e-06, 4.423782197583178e-06, 4.562862334386139e-06, 6.097324485493512e-06, 1.4003038410031376e-05, 4.288969748345878e-06, 4.4853333396886445e-06, 4.917558409979625e-06, 4.741884003950684e-06, 5.10575729032527e-06, 4.128415804916222e-06, 5.44705868757581e-06, 6.769763362769602e-06, 8.188571176550403e-06, 3.7073693787952762e-06, 6.378199454809936e-06, 4.689330728235692e-06, 8.153132250095443e-06, 7.301393077065755e-06, 4.704543001960865e-06, 3.7596071105505093e-06, 6.341815957484122e-06, 3.6897148481941773e-06, 8.880393331692239e-06, 1.2691207581742429e-05, 5.515921443485885e-06, 6.978262028752324e-06], 'latent/consistency_tH': [0.0019362812861800196, 0.00016796294359682444, 9.76027286602622e-05, 7.755754011978016e-05, 5.827038000553839e-05, 5.441170024442303e-05, 5.133631105507271e-05, 4.328281198253924e-05, 4.197819218843947e-05, 3.627895355468338e-05, 3.265002338247886e-05, 3.2057353695992736e-05, 3.088641332519337e-05, 3.0149870245514084e-05, 2.8550734905827954e-05, 2.831588220329869e-05, 2.4060106659572647e-05, 2.6157070281608228e-05, 2.449189079096744e-05, 2.286586901020907e-05, 2.5132453379490014e-05, 2.2616039603042222e-05, 2.333112330501903e-05, 2.2687609619001487e-05, 2.4528394413657814e-05, 2.1581931054478942e-05, 2.2128551622969432e-05, 2.2592915970270176e-05, 1.9781739976127823e-05, 1.8499210368127266e-05, 1.9175449688408765e-05, 2.230362630724434e-05, 1.561836099025279e-05, 1.765157097246177e-05, 1.8756379940407635e-05, 2.082581714917423e-05, 1.5400460554706644e-05, 1.694674528941547e-05, 1.777000521751858e-05, 1.658049859259647e-05, 1.6618163257714472e-05, 1.5294729192101486e-05, 1.958892776888678e-05, 1.6820642038463513e-05, 1.8882651914703274e-05, 1.4589299777204129e-05, 1.7550476651521445e-05, 1.690747226002348e-05, 1.306423203601671e-05, 1.7009353529821956e-05, 1.302241904827131e-05, 1.3112141889460865e-05, 1.4741358086168681e-05, 1.2669180926369635e-05, 1.292291551108446e-05, 1.2450914665004033e-05, 1.4847590811652889e-05, 1.5419724414249896e-05, 1.4265713768333487e-05, 1.1878380398257389e-05, 1.233883753932088e-05, 1.2829595537032475e-05, 1.1985131765419857e-05, 1.3359586650901018e-05, 1.2725412994254207e-05, 1.1796242575170783e-05, 1.2956721425558143e-05, 1.0849164347197905e-05, 1.2090232671868935e-05, 1.1042086538545392e-05, 1.1471964538262883e-05, 1.169407904905601e-05, 1.4586869445364893e-05, 1.4956220762341415e-05, 1.2703215712525067e-05, 1.2461377703005582e-05, 1.3215988188907442e-05, 9.64396113897987e-06, 1.1043328869000728e-05, 1.923093658400209e-05, 1.0173003722509569e-05, 1.038568281203154e-05, 1.0609731981278771e-05, 1.4490788498618827e-05, 1.0082511514473281e-05, 8.566972135020355e-06, 1.4732490302900416e-05, 9.873881294417052e-06, 1.1330464173275512e-05, 9.417553841806086e-06, 8.963702708996534e-06, 1.0596251004839756e-05, 8.437078450104988e-06, 9.96286573845769e-06, 8.937666359679605e-06, 1.0069274560546398e-05, 7.862141714099706e-06, 1.0383923511094344e-05, 1.4630075647231667e-05, 1.0011023980754099e-05, 9.824769438742336e-06, 8.468656830745134e-06, 1.198446848913442e-05, 1.0203160401649669e-05, 6.6479190359883105e-06, 1.1958615075811396e-05, 6.482773882489854e-06, 8.632139102086183e-06, 8.665693995838918e-06, 7.209500850838622e-06, 9.78058397978294e-06, 9.078065742347045e-06, 8.1843281184774e-06, 9.40247965245819e-06, 8.438262261372354e-06, 7.954421744787341e-06, 7.729766916668682e-06, 7.679664496996574e-06, 8.640603495222449e-06, 1.0818689884841662e-05, 9.349959017089608e-06, 6.729503993153962e-06, 7.773165670063864e-06, 1.0255991961782146e-05, 8.378934920108197e-06, 7.173438120437979e-06, 9.116553121232022e-06, 5.00795166788442e-06, 8.447274042754029e-06, 7.587419867970001e-06, 1.1760610282964302e-05, 6.123048372724543e-06, 7.1177762135961865e-06, 6.846460362361195e-06, 7.397571371710293e-06, 7.908135005955125e-06, 6.465351925239606e-06, 6.157692412911834e-06, 7.324069055614362e-06, 7.782672719703042e-06, 6.747601909431844e-06, 9.684852871617577e-06, 6.8200885103835155e-06, 7.722435473658764e-06, 8.624741917856688e-06, 6.699986721031067e-06, 7.15251328207417e-06, 7.007335849383654e-06, 1.0677549942385663e-05, 5.4476258633409855e-06, 7.443012899580074e-06, 4.789560309334159e-06, 6.480190128582751e-06, 5.679812726969783e-06, 4.360268441815372e-06, 6.534141763226541e-06, 5.93528960032796e-06, 6.488794666483249e-06, 4.808798429122321e-06, 7.122610341891673e-06, 7.209187377434894e-06, 7.382335942206498e-06, 5.265409762485277e-06, 6.12445360788979e-06, 1.2586049329140808e-05, 7.174441827943863e-06, 4.716996886762511e-06, 5.62915078843905e-06, 6.473805629882844e-06, 5.855929508075694e-06, 4.9954725654492665e-06, 8.665918250448527e-06, 8.955045689170715e-06, 5.949855038913768e-06, 6.116068204439553e-06, 4.761684073956585e-06, 5.852388205136331e-06, 4.0683108576095685e-06, 7.161972506946924e-06, 6.195903145048473e-06, 5.88642967880074e-06, 6.471355318571925e-06, 6.3829119193739185e-06, 1.420728041815165e-05, 5.491619281662805e-06, 4.383685060443267e-06, 3.7539975878556174e-06, 7.533843577224313e-06, 6.017412075825069e-06, 5.08950246808321e-06, 4.988522483434989e-06, 6.555318017199592e-06, 5.518555375852895e-06, 3.718610769394702e-06, 5.4405061255047104e-06, 5.3502991449478075e-06, 4.740275501613073e-06, 5.265793143385619e-06, 4.669070049183245e-06, 3.416620008730253e-06, 5.545903492447157e-06, 3.9580146947009776e-06, 8.325433264606855e-06, 4.036993365268681e-06, 4.529551841082739e-06, 6.266775297702892e-06], 'latent/mppi_elite_value_std': [None, 0.0023141947984642143, 0.00819092170763259, 0.0060661807053424, 0.007305447759085907, 0.016358756643516093, 0.0160480700228584, 0.016565790943949204, 0.01430408609144042, 0.022431166262955115, 0.025845655236953726, 0.032147160485090226, 0.01436605684828295, 0.025794391131755783, 0.043726878550575964, 0.0214235993041108, 0.02650694847941462, 0.03902361302755311, 0.04001472789471935, 0.04316923164855222, 0.040312769122922136, 0.04306401567745308, 0.0360942654981605, 0.05154002435797063, 0.059747964712654235, 0.03739902156200897, 0.03637881321403521, 0.04159420137314741, 0.03320504007114395, 0.03425918674980474, 0.03672421325525045, 0.07477617369151944, 0.04515776822879189, 0.03616387150981632, 0.031859815385721864, 0.030388576840889032, 0.04035443871485189, 0.04155181279849923, 0.02639048249013318, 0.028268973199327408, 0.06101234777346287, 0.021036797983419103, 0.034136440833738055, 0.04234124774896704, 0.041296492230018446, 0.054235202296565484, 0.0473290265508715, 0.024344955361243713, 0.02325241300560277, 0.021825568003413138, 0.03932860801137779, 0.026051020402091445, 0.02177822967840989, 0.03979401420312043, 0.029199264421819558, 0.03506615496715898, 0.03739074744770389, 0.03576156400476394, 0.03284345715097398, 0.032548158477957764, 0.022549237167926336, 0.03596976195048975, 0.022632204956179663, 0.05480003038430752, 0.027054807687483702, 0.042601868204648737, 0.03514879253852998, 0.051597647267303634, 0.032786293064039726, 0.030557717078386365, 0.025334793006167207, 0.03222761220298984, 0.03064806413651305, 0.03802372403416433, 0.02604166454907301, 0.0362226376568342, 0.029936562593407108, 0.021966803677721688, 0.03518498226516434, 0.025749123960926806, 0.033197036195363024, 0.019374456035691077, 0.03294703724504053, 0.03903359438811666, 0.029580258519948638, 0.0194882326563178, 0.022424942195138634, 0.02302409863575348, 0.025277163269456473, 0.02313927718154135, 0.021697115300298084, 0.02117409627925928, 0.03742713559545389, 0.018151692831434373, 0.03459397386768644, 0.02813028760968449, 0.03314208189045644, 0.03492992826192187, 0.025604959450160277, 0.01895170181107416, 0.029963764342192518, 0.030578213580539994, 0.02831848789278261, 0.015648747345567596, 0.01615490496400119, 0.019064170315240637, 0.033295241314237625, 0.02379508644011564, 0.024092402568808995, 0.03024650025441793, 0.030501867050905893, 0.02009550300851731, 0.024745997235493457, 0.023007265141638346, 0.026939168718737635, 0.02712444090057261, 0.01867231092381244, 0.020599711396163876, 0.02105263832935803, 0.02645766251710106, 0.0224263542802621, 0.023199447372244168, 0.027780105908420907, 0.024064892406573096, 0.009171173629794803, 0.03112034605608793, 0.017316462383883246, 0.024920616143359667, 0.02170805673012283, 0.01788973156423458, 0.028097345000367147, 0.01916396796113612, 0.021475063167994482, 0.021367106125683277, 0.026888755727658007, 0.02068424626365816, 0.020397456841671022, 0.020012362467610408, 0.024320329294411025, 0.02109559363242783, 0.02996166920812936, 0.02343983912990264, 0.024619352877707775, 0.023552528970897005, 0.018989853012112767, 0.021203628930075123, 0.023825996970658174, 0.01941804250566847, 0.023022876809352992, 0.023633857150966595, 0.011075587686515854, 0.021327901389162067, 0.01785059528165532, 0.021655210279607085, 0.02331715858892601, 0.023407728887529004, 0.013739898823209428, 0.019800732253054766, 0.014880051311304494, 0.018954237531382777, 0.015829913737426315, 0.017549632873775332, 0.01673175579748241, 0.017588052144797302, 0.017334030716053987, 0.017404837471156787, 0.011897959932656167, 0.016983292804376594, 0.01727719590807662, 0.017221292275271187, 0.01663523239026783, 0.016409825357032035, 0.020860038096555157, 0.014995691759444586, 0.01640858886400246, 0.012313046238962863, 0.01655316805772527, 0.015058363374133387, 0.015580424963840829, 0.01609724498718777, 0.01407210061636986, 0.014722026131299921, 0.015337877991248876, 0.01660361666463973, 0.016912247608443256, 0.018897240443452982, 0.013744592510698572, 0.013939700803115166, 0.014872444550023501, 0.014299357776111861, 0.013059943908628045, 0.015849505084759522, 0.013586322814639017, 0.012268016307019122, 0.01329215972041486, 0.012098166330788392, 0.014356828138626602, 0.013761949364599858, 0.012417743631122663, 0.012349558989730586, 0.011233192064891281, 0.014811488297885827, 0.01449955077694626, 0.01339289553523492, 0.012612856732748503, 0.011761382242300894], 'latent/mppi_plan_std': [None, 0.08034546282589701, 0.08763620561938427, 0.09590731407232779, 0.13746092438614235, 0.138442692927825, 0.13185953356898103, 0.09131624094246593, 0.10177307591009038, 0.12553959663447864, 0.13986468098579194, 0.11315008904684369, 0.0962054055789067, 0.10406042671642396, 0.12737524425965005, 0.12481467496749163, 0.12151348050246917, 0.1333770910908194, 0.11871267595376107, 0.10640861485395701, 0.12630230142884002, 0.13280980203699747, 0.11597150574314548, 0.13653437870691493, 0.14757181459168994, 0.10199474190105946, 0.10417433140685561, 0.11485780030627833, 0.12798103185022391, 0.13162017087682665, 0.10303103475478902, 0.11568370388805213, 0.1392941275431923, 0.10422849185268765, 0.09908508558910302, 0.09167350804371545, 0.08100100355634043, 0.12870340305041722, 0.07275764371512845, 0.09529849328118636, 0.12849258591821025, 0.12815528612882168, 0.09234745216551872, 0.09084887450792521, 0.15140214383969783, 0.1223319847984301, 0.0980326029311083, 0.07704075755774839, 0.0708878807990543, 0.10603124632416847, 0.09819112766105158, 0.09286868477774322, 0.07304434656741432, 0.10980083731873283, 0.10511850073463504, 0.07681949518432064, 0.09710042943399305, 0.07985945503485621, 0.08841687686194803, 0.08267548640865947, 0.11017380208535725, 0.08269432406162427, 0.07752845850840669, 0.09703876373237344, 0.09765956189696638, 0.08197534431211283, 0.11711886432717364, 0.08000974008441471, 0.09074981137214787, 0.1059162322832379, 0.08756936452333237, 0.0831736271702999, 0.10683331977513244, 0.1140239742169115, 0.09293620653574228, 0.10072879781392322, 0.0756284585952696, 0.09351914780459435, 0.0846447121877196, 0.06472856801485205, 0.09471760026077246, 0.07197257359169196, 0.05818810284902115, 0.079180915679261, 0.09471653360427879, 0.08218248122292401, 0.05803991740597303, 0.0641664031308606, 0.05995847070487943, 0.06586865510884626, 0.06468549456211488, 0.09704395866837927, 0.060884567521708205, 0.09200503136181708, 0.08753197383508536, 0.08184820012803978, 0.07301070492747162, 0.06161253781836293, 0.07144137430682583, 0.08803699024686226, 0.0984413087779668, 0.06968226069995478, 0.07795421752986885, 0.058177687707384435, 0.0709994080553852, 0.08366515288237347, 0.06670161555682558, 0.06293314036482502, 0.06199319101562665, 0.0612533948659793, 0.07217062281082148, 0.08731020297538428, 0.0634224786276655, 0.06647193091543423, 0.059512115624272936, 0.06064604800744677, 0.05776667526749574, 0.07724171443172897, 0.05940897836523365, 0.06207543303730561, 0.10599679587727537, 0.06273877616065136, 0.06177298914227685, 0.05774426836229761, 0.057449681271150806, 0.06457352811115498, 0.06041159503975907, 0.06158425195491856, 0.10672396509242629, 0.10972690119548792, 0.056844792958002974, 0.05768567594984107, 0.059755160934685046, 0.06123960558945009, 0.06310599680795642, 0.05717315285206302, 0.06038997493393568, 0.05723716963468929, 0.06233551914718943, 0.05936122777111657, 0.0777260042248362, 0.06006483716598975, 0.059221613221111316, 0.07165649551039904, 0.06097845649937062, 0.057296465854288874, 0.057476639731155375, 0.0582692323836771, 0.07609460173306358, 0.06668432489713509, 0.057337030902499815, 0.0580941578519517, 0.05480970062611081, 0.05916813206926049, 0.05651437816891488, 0.059701427137372365, 0.05743857982638569, 0.05712442241732476, 0.05588259066221959, 0.05611604895850962, 0.0562984381931532, 0.056484691933997265, 0.05593707852046029, 0.0594296102526811, 0.05459697662082798, 0.0594106019401081, 0.054233093288924346, 0.05950379008990917, 0.05712286686976748, 0.057169327994104555, 0.05886195762457311, 0.05582804287413094, 0.056326550030141226, 0.05728508205902204, 0.05580022138240118, 0.05442188257230032, 0.05715815788743901, 0.0562023540701283, 0.05491480883591853, 0.05562324776054954, 0.05664887154692214, 0.05776265241174157, 0.053963106783907526, 0.054127076676366986, 0.0564249610676334, 0.0602473482841048, 0.054120607312956884, 0.05889879450227978, 0.056717307226949495, 0.05512711422236221, 0.055329700219950595, 0.05704906844638111, 0.055335832139332616, 0.05458141946759545, 0.055770614229942936, 0.05550552903076284, 0.05614077739733621, 0.057253948224249875, 0.05531849011422442, 0.054651112794411524, 0.05559072816907846, 0.05765087729299905, 0.05592762426230294, 0.05519254252388656, 0.05413651461281395, 0.05594326458870779], 'latent/z_active_frac': [0.1, 0.9999999992582288, 0.9999999999999994, 0.9999999999999994, 0.9999999999999994, 0.9999999999999994, 0.9999999999999994, 0.9999999999999994, 0.9999999999999994, 0.9999999999999994, 0.9999999999999994, 0.9999999999999994, 0.9999999999999994, 0.9999999999999994, 0.9999999999999994, 0.9999999999999994, 0.9999999999999994, 0.9999999999999994, 0.9999999999999994, 0.9999999999999994, 0.9999999999999994, 0.9999999999999994, 0.9999999999999994, 0.9999999999999994, 0.9999999999999994, 0.9999999999999994, 0.9999999999999994, 0.9999999999999994, 0.9999999999999994, 0.9999999999999994, 0.9999999999999994, 0.9999999999999994, 0.9999999999999994, 0.9999999999999994, 0.9999999999999994, 0.9999999999999994, 0.9999999999999994, 0.9999999999999994, 0.9999999999999994, 0.9999999999999994, 0.9999999999999994, 0.9999999999999994, 0.9999999999999994, 0.9999999999999994, 0.9999999999999994, 0.9999999999999994, 0.9999999999999994, 0.9999999999999994, 0.9999999999999994, 0.9999999999999994, 0.9999999999999994, 0.9999999999999994, 0.9999999999999994, 0.9999999999999994, 0.9999999999999994, 0.9999999999999994, 0.9999999999963639, 0.9999999999999994, 0.9999999999999994, 0.9999999999999994, 0.9999999999999994, 0.9999999999999994, 0.9999999999999994, 0.9999999999999994, 0.9999999999999994, 0.9999999999999994, 0.9999999999999994, 0.9999999999999994, 0.9999999999999994, 0.9999999999999994, 0.9999999999999994, 0.9999999999999994, 0.9999999999999994, 0.9999999999999994, 0.9999999999999994, 0.9999999999999994, 0.9999999999999994, 0.9999999999999994, 0.9999999999999994, 0.9999999999999994, 0.9999999999999994, 0.9999999999999994, 0.9999999999999994, 0.9999999999999994, 0.9999999999999994, 0.9999999999999994, 0.9999999999999994, 0.9999999999999994, 0.9999999999999994, 0.9999999999999994, 0.9999999999999994, 0.9999999999999994, 0.9999999999999994, 0.9999999999999994, 0.9999999999999994, 0.9999999999999994, 0.9999999999999994, 0.9999999999999994, 0.9999999999999994, 0.9999999999999994, 0.9999999999999994, 0.9999999999999994, 0.9999999999999994, 0.9999999999999994, 0.9999999999999994, 0.9999999999999994, 0.9999999999999994, 0.9999999999999994, 0.9999999999999994, 0.9999999999999994, 0.9999999999999994, 0.9999999999999994, 0.9999999999999994, 0.9999999999999994, 0.9999999999999994, 0.9999999999999994, 0.9999999999999994, 0.9999999999999994, 0.9999999999999994, 0.9999999999999994, 0.9999999999999994, 0.9999999999999994, 0.9999999999999994, 0.9999999999999994, 0.9999999999999994, 0.9999999999999994, 0.9999999999999994, 0.9999999999999994, 0.9999999999999994, 0.9999999999999994, 0.9999999999999994, 0.9999999999999994, 0.9999999999999994, 0.9999999999999994, 0.9999999999999994, 0.9999999999999994, 0.9999999999999994, 0.9999999999999994, 0.9999999999999994, 0.9999999999999994, 0.9999999999999994, 0.9999999999999994, 0.9999999999999994, 0.9999999999999994, 0.9999999999999994, 0.9999999999999994, 0.9999999999999994, 0.9999999999999994, 0.9999999999999994, 0.9999999999999994, 0.9999999999999994, 0.9999999999999994, 0.9999999999999994, 0.9999999999999994, 0.9999999999999994, 0.9999999999999994, 0.9999999999999994, 0.9999999999999994, 0.9999999999999994, 0.9999999999999994, 0.9999999999999994, 0.9999999999999994, 0.9999999999999994, 0.9999999999999994, 0.9999999999999994, 0.9999999999999994, 0.9999999999999994, 0.9999999999999994, 0.9999999999999994, 0.9999999999999994, 0.9999999999999994, 0.9999999999999994, 0.9999999999999994, 0.9999999999999994, 0.9999999999999994, 0.9999999999999994, 0.9999999999999994, 0.9999999999999994, 0.9999999999999994, 0.9999999999999994, 0.9999999999999994, 0.9999999999999994, 0.9999999999999994, 0.9999999999999994, 0.9999999999999994, 0.9999999999999994, 0.9999999999999994, 0.9999999999999994, 0.9999999999999994, 0.9999999999999994, 0.9999999999999994, 0.9999999999999994, 0.9999999999999994, 0.9999999999999994, 0.9999999999999994, 0.9999999999999994, 0.9999999999999994, 0.9999999999999994, 0.9999999999999994, 0.9999999999999994, 0.9999999999999994, 0.9999999999999994, 0.9999999999999994, 0.9999999999999994, 0.9999999999999994, 0.9999999999999994], 'latent/encoder_grad_norm': [0.02001649186485799, 0.07341633733239791, 0.11683969715999491, 0.1774048350890361, 0.17714948529438657, 0.17024618187510496, 0.17329532994453042, 0.17325802287674683, 0.19275634124993699, 0.17422782337368473, 0.16590614588633698, 0.18676979602853336, 0.18168189345837765, 0.1584948440962943, 0.19258988102733024, 0.18462855380902835, 0.1981714282886688, 0.1833708306459377, 0.19967312942158047, 0.20042862748603463, 0.30632844864572023, 0.2358437076332005, 0.24611893434542573, 0.1861502854702529, 0.19295272834526933, 0.258625232152634, 0.22622870766352565, 0.23274266024166249, 0.23445910569328593, 0.21757856880125076, 0.19262925675794376, 0.21702780141256328, 0.17400521038219788, 0.16728182191094304, 0.23663938546127472, 0.18846379749575978, 0.18088298589922042, 0.15923355191712074, 0.17440164921668438, 0.17397075951014643, 0.16861157361218157, 0.2041794635571467, 0.1622115132042126, 0.14977679906428146, 0.1576015474734587, 0.14354974488592603, 0.13423731724332116, 0.11910415587242865, 0.132640089986517, 0.16845281281451507, 0.12140321549353794, 0.11275378674617814, 0.11751896252999872, 0.09888475105471328, 0.1380902720120866, 0.13307158439182554, 0.14424754747598215, 0.12706099196344953, 0.11194440027169279, 0.15185569950979588, 0.10860228651339901, 0.1406159507106544, 0.10000889975650225, 0.11436140908636526, 0.11643303978233915, 0.12211166407679179, 0.11406719918151283, 0.11118088380147884, 0.14856536325993874, 0.10105959287430637, 0.11042985152503734, 0.11307131783100029, 0.10216575772866783, 0.11432717641455174, 0.1145553667746783, 0.10116023140793406, 0.10553981713887914, 0.10965110180645654, 0.11975448340016685, 0.11679384690157416, 0.09930161949127571, 0.1078616469504522, 0.11173535298141941, 0.1009909970245862, 0.08521491245604813, 0.08975954163249145, 0.09551305604394197, 0.10701812563997608, 0.14586678337726586, 0.0862088556817838, 0.08551732612370823, 0.1292359945869904, 0.0752710638901149, 0.10402154877094158, 0.10155644626500221, 0.08371766030893914, 0.07825616579899872, 0.078044061355034, 0.1107032626804366, 0.07723558598259914, 0.07921932252259119, 0.10212094844955251, 0.07144693375393618, 0.08747227311106875, 0.07231903469083188, 0.10424498533448054, 0.07224869052443132, 0.06727612218184692, 0.08574473583986837, 0.07684232723456032, 0.08226345020783507, 0.09242220093571288, 0.08130459778443053, 0.07331242526767405, 0.09351130718245312, 0.06798005876846233, 0.06961510103251878, 0.08483719347923205, 0.09601218273501123, 0.06159503678988964, 0.07067435906126593, 0.06739570172225745, 0.07079274375679936, 0.0736514207788072, 0.06894151362267648, 0.07472625022950216, 0.07898248576441257, 0.07143085654845982, 0.07465952020438764, 0.07979615404654818, 0.09541611879869029, 0.06523296072393178, 0.07679691449348046, 0.07177516990968824, 0.06779175510826732, 0.05469597785238325, 0.05112509892255048, 0.06977834672221164, 0.07471676624115701, 0.06458065443332525, 0.05513674887221586, 0.06485859240180696, 0.058593342473628185, 0.06326401848887096, 0.07245859367132425, 0.058660259926102666, 0.07410215537003934, 0.0638706319234313, 0.08523552947582298, 0.05354511895180038, 0.06087214809184272, 0.0555746585271235, 0.056987609145655, 0.0717204359726019, 0.057253634371699204, 0.05290076463428297, 0.06288141705377796, 0.07550869460782601, 0.05611702244979953, 0.06112103567188185, 0.06334147422058878, 0.06857392708986275, 0.07539942002355371, 0.04282400532240716, 0.05983547162765443, 0.0601795090809318, 0.05162402320215791, 0.06107263498678979, 0.047552559204386176, 0.051537845210414046, 0.05275707084608189, 0.072153635890347, 0.06600664668418156, 0.06276820452396384, 0.053054612751076265, 0.047924186041212284, 0.0757283142137145, 0.04364796686938487, 0.054244082007502255, 0.07202310309426418, 0.0693788295911021, 0.04056923743751193, 0.050282709076637365, 0.0593669490195796, 0.07359071845032962, 0.04561595315295475, 0.05042915762042709, 0.05807363632817255, 0.04375761741042187, 0.05122924080453576, 0.0538787303587599, 0.05448309646628811, 0.06402985740761696, 0.042501306268542746, 0.042084395207757364, 0.05422719389394224, 0.054102734367051236, 0.0466766259108569, 0.049328868060316965, 0.04485082105417311, 0.045556263032379765, 0.03846185700460316, 0.0565959214375674, 0.054504420312247566, 0.0413123529380176, 0.05501833608118009], 'step': [1000, 2000, 3000, 4000, 5000, 6000, 7000, 8000, 9000, 10000, 11000, 12000, 13000, 14000, 15000, 16000, 17000, 18000, 19000, 20000, 21000, 22000, 23000, 24000, 25000, 26000, 27000, 28000, 29000, 30000, 31000, 32000, 33000, 34000, 35000, 36000, 37000, 38000, 39000, 40000, 41000, 42000, 43000, 44000, 45000, 46000, 47000, 48000, 49000, 50000, 51000, 52000, 53000, 54000, 55000, 56000, 51000, 52000, 53000, 54000, 55000, 56000, 57000, 58000, 59000, 60000, 61000, 62000, 63000, 64000, 65000, 66000, 67000, 68000, 69000, 70000, 71000, 72000, 73000, 74000, 75000, 76000, 77000, 78000, 79000, 80000, 81000, 82000, 83000, 84000, 85000, 86000, 87000, 88000, 89000, 90000, 91000, 92000, 93000, 94000, 95000, 96000, 97000, 98000, 99000, 100000, 101000, 102000, 103000, 104000, 105000, 106000, 107000, 108000, 109000, 110000, 111000, 112000, 113000, 114000, 115000, 116000, 117000, 118000, 119000, 120000, 121000, 122000, 123000, 124000, 125000, 126000, 127000, 128000, 129000, 130000, 131000, 132000, 133000, 134000, 135000, 136000, 137000, 138000, 139000, 140000, 141000, 142000, 143000, 144000, 145000, 146000, 147000, 148000, 149000, 150000, 151000, 152000, 153000, 154000, 155000, 156000, 157000, 158000, 159000, 160000, 161000, 162000, 163000, 164000, 165000, 166000, 167000, 168000, 169000, 170000, 171000, 172000, 173000, 174000, 175000, 176000, 177000, 178000, 179000, 180000, 181000, 182000, 183000, 184000, 185000, 186000, 187000, 188000, 189000, 190000, 191000, 192000, 193000, 194000, 195000, 196000, 197000, 198000, 199000, 200000]}
  implicit_horizon_degradation_ratio: [0.9967, 1.0101, 0.9675, 1.0106, 1.0286, 0.9866]...

--- cross_agent_cca_timeline ---
  shared_steps: [10000, 20000, 30000, 40000, 50000, 60000]...
  mean_canonical_corr: [0.4968, 0.5063, 0.4971, 0.506, 0.5078, 0.4946]...
  top1_canonical_corr: [0.5664, 0.5762, 0.587, 0.5836, 0.5976, 0.5727]...

